1457.58255
1853.63747
1044.44947
  33.90586
 176.19767
1445.10617
 499.64349
 371.40003
 166.61523
2230.69368
1560.06736
2753.18838
1081.26492
1686.27049
 647.12211
 295.75815
4049.54452
1013.93819
 392.44928
 375.70648
1996.99576
1261.98623
2192.41181
1065.86578
 585.69974
 157.80691
 797.04736
1034.91630
 516.03202
1136.60848
1499.40877
   2.77510
 604.86988
 443.89339
  36.59946
3260.91255
 631.22509
1127.89808
1561.17688
1210.11118
1321.89223
 207.78031
2215.63657
   0.29345
1032.14558
 396.10236
  93.01288
1497.87055
 104.60676
 266.78184
 426.80213
 531.81450
 113.15789
1984.63748
2608.33991
 173.94973
 537.88843
 711.33062
 675.39835
 612.74608
 486.89491
1277.70662
1980.30880
 651.98782
 725.72161
1144.38330
1355.57139
1072.72758
1712.36604
 138.59368
 396.71368
 631.17704
1051.86777
2344.24914
 685.44398
 623.95502
 627.75802
 777.10566
 694.46765
 639.95103
1555.32988
2306.37357
  87.54928
 393.72252
 584.10328
 212.91006
1844.02992
 613.65987
   9.74647
 136.07884
 882.91418
1340.95186
 725.48580
1801.07129
2856.64556
 283.86939
1074.91222
2302.74560
1182.90553
1111.25515
 306.47988
 924.58594
 354.95589
 466.73554
1792.09235
1216.29999
1285.54690
1191.42903
 508.83384
 469.80026
1649.54386
 352.28869
 508.58910
 754.66733
 756.15136
1329.47390
 789.44417
 744.50053
1209.20065
 201.07975
 280.64390
 803.84771
 780.98554
8773.08070
  68.05326
 318.70356
 624.72424
1268.73569
1200.43220
 251.83948
 114.36869
  20.27034
1108.30440
  79.45567
 149.31501
 401.34100
2039.94767
 762.17708
  80.89213
 285.93271
 813.31035
 642.23379
1976.99524
 734.06949
  90.61140
2831.41058
 482.09793
 330.67491
  97.33619
 580.48396
 134.98135
 236.93485
 964.95456
1153.77137
2646.62963
 118.61114
1347.28371
 167.16319
  15.69425
2749.60619
 943.53364
 800.91644
 253.25926
 893.56399
 745.68765
1145.87705
1184.21780
 647.93819
 442.70945
 550.09022
 813.02135
 503.47268
 359.29075
 918.55884
1151.14260
 915.96895
1910.00725
 474.09344
 306.83595
1360.77162
1752.46028
 578.76465
1426.04035
 630.16714
  25.91517
 897.20347
1197.90808
 758.20118
  91.89936
1099.72156
2697.80841
 256.71350
1354.97029
 441.98224
 945.03548
 972.19182
 157.33907
1014.28287
 348.39953
1036.40039
1473.20271
  86.47234
 314.64388
1427.51328
 578.93845
 340.75397
 329.08026
2007.08839
  72.94199
2523.56374
1680.85678
1192.16172
 855.80325
 359.48059
 498.52068
 889.42033
 599.15806
  24.97999
 484.84550
1222.83475
 931.17051
1233.82414
 506.23249
 327.50474
 161.36585
 798.93891
3980.33784
 398.65213
 805.10672
 238.67120
 869.62320
 986.42388
  39.70673
 348.37318
 446.95807
 844.05438
 217.07024
 913.30288
 109.36172
1065.50867
1413.47504
1476.10020
1211.79950
3342.17360
 206.82376
1792.28412
 313.64049
3270.74580
 480.10261
 440.38825
2410.08236
1160.45509
1990.92537
 322.22454
1814.79032
 676.46662
   0.64182
 488.06301
1161.09243
 495.57090
 723.86768
 874.27957
4182.00310
1666.65741
 711.15802
1587.52820
1043.30074
 154.93659
 621.57676
 373.54189
 238.99577
 802.81824
1712.24806
 163.21024
2146.67465
 901.03135
2340.45577
 367.04078
 930.93314
 438.07994
2233.66669
 280.19084
2250.38068
 606.44139
  62.11300
 873.31209
 991.95343
