379687.27938
14606.88303
272879.28432
418382.73840
241506.73120
123190.66426
142294.48814
310213.68260
127538.13085
108200.06897
77249.26744
22138.80934
800267.59660
135122.06908
427444.62941
91201.89247
345909.14656
110874.92475
340964.85218
156227.33514
4141.47261
99380.41833
189913.04004
175648.29922
431084.57159
114312.62398
96292.58640
663636.12884
633981.07451
101687.04950
33953.11458
143587.52287
43620.97313
70256.60950
10599.38219
22390.39960
103077.51584
232365.69138
373738.42733
73298.90155
328781.75054
326254.61072
208641.22352
303359.78835
230040.68904
301816.28646
41515.62179
130828.91475
539192.09687
327296.12894
241623.28775
426096.74561
51095.49673
34217.77433
185297.75299
369747.54636
119634.55383
183570.76437
59505.40602
225910.98845
207997.50234
144719.55220
202262.73543
123274.78258
240139.47169
86517.06092
830751.66696
52394.67768
98973.66748
37339.47150
137882.95646
44815.16189
6938.83317
81314.82068
184633.00898
74362.37199
44365.88322
19079.75500
75168.93254
115363.48873
338581.10671
151505.34094
93871.68142
455105.25845
182098.27223
99974.16607
80839.77858
470021.50657
363622.02109
49179.34587
116520.24515
130001.37079
646152.58403
80756.95837
266022.00814
183322.11895
30191.80480
248020.62234
127373.12274
99150.62969
108320.44664
385251.59240
273409.63823
143349.98181
213006.22850
234631.68585
126813.97235
103513.06491
39065.96425
119445.40473
244298.40687
451752.51721
113420.24122
36116.33282
465965.73583
337114.89531
254052.18361
37114.16296
536274.81394
272046.29682
186486.84719
22337.27216
200285.79565
189351.94598
22605.82316
36329.83151
89060.34693
55823.09162
115504.93361
152505.60966
528115.79022
33494.57523
113167.67375
47440.71743
63742.57081
59620.77000
242245.50535
889606.27911
247090.40206
743304.72379
52440.98151
72959.80924
41640.81286
25043.89402
782648.30560
472820.00310
207474.23379
93515.11186
98019.17737
163626.58483
354099.25459
98974.80887
10502.96791
288224.23493
45415.76705
7687.79678
124416.48523
507358.96289
