0.773
0.217
0.080
0.110
0.035
0.560
0.159
0.182
0.024
0.455
0.437
0.084
0.091
0.123
0.266
0.591
0.113
0.193
0.138
0.168
0.097
0.101
0.238
0.788
0.249
0.114
0.341
0.377
0.110
0.048
0.043
0.151
0.043
0.038
0.113
0.051
0.424
0.132
0.043
0.471
0.334
0.206
0.115
0.221
0.074
0.065
0.151
0.047
1.072
0.090
0.042
0.404
0.065
0.392
0.125
0.098
0.202
0.261
0.035
0.059
0.058
0.145
0.151
0.180
0.245
0.131
0.331
0.093
0.446
0.166
0.095
0.162
0.128
0.841
0.294
0.035
0.169
0.071
0.178
0.514
0.298
0.184
0.023
0.267
0.490
0.139
0.899
0.444
0.203
0.266
0.317
0.365
0.074
0.238
0.078
0.172
0.031
0.084
0.179
0.057
0.3
0.279
0.171
0.181
0.067
0.172
0.106
0.707
0.036
0.063
0.335
0.195
0.112
0.333
0.165
0.04
0.683
0.433
1.019
0.420
0.228
0.054
0.137
0.905
0.294
0.05
0.443
0.621
0.386
2.237
0.512
1.376
0.234
0.244
0.138
0.056
0.577
0.222
0.812
0.145
0.251
0.077
0.223
0.317
1.184
0.084
0.407
0.957
0.150
1.016
1.254
2.785
1.525
1.118
0.788
1.101
0.229
0.051
0.677
0.816
0.390
0.09
0.1
0.13
0.65
3.201
0.555
1.303
0.278
3.041
0.252
1.007
1.108
0.217
0.838
0.68
1.798
0.173
0.92
2.18
0.24
0.16
1.8
0.3
0.1
0.15
5.699
2.975