 794.10046
 719.97524
 509.97681
 204.30555
 109.21402
 322.88798
 603.72477
  30.19781
 699.64266
1017.52158
 466.38885
 243.95853
  21.48890
 742.79248
 158.96020
 156.83854
 565.24674
1525.69369
 683.47892
 450.25312
 184.59234
 152.66546
 120.68380
1116.48905
 147.52670
 717.31210
 592.97308
  58.19222
 424.73577
 228.80870
 368.35192
  37.77350
 157.28893
 627.93796
 368.10581
 712.79758
 678.81907
  81.01144
 283.12182
 319.16414
1592.06194
 221.40399
1044.38936
 115.72418
 896.17633
 475.87537
 674.95114
  81.18411
  75.66245
 151.29148
 209.44714
 302.23833
 254.96148
 136.06542
 676.74751
 282.24911
  87.82703
 711.38775
 135.09391
 552.58193
  31.07686
 250.18731
1438.98826
 494.08013
 448.26011
 358.88692
 237.63151
 189.60957
 767.49952
1858.38191
 328.65652
 107.38696
 226.36029
  10.05917
  46.17519
 177.88324
 334.79149
 847.09621
1204.52250
 421.89434
 392.64029
 183.51270
  48.65894
1431.17596
 198.31685
 569.92859
   9.67205
 197.86308
  13.86239
2099.29461
 364.69070
 258.91909
 262.32237
 770.27296
 386.76876
  54.17521
1180.16846
 192.06816
1508.42565
 563.38645
1585.45365
1177.30567
 233.39963
 322.58868
1253.33758
 431.53398
 203.21364
 708.96935
1778.46064
1984.32361
 177.12782
 364.50717
 689.36754
 282.89092
 796.76737
 268.35669
1241.74841
 281.01020
 470.97779
1404.40128
 185.46646
 338.00774
 251.96055
 185.71338
1429.53054
 358.72492
 935.67732
 272.31518
  15.76598
 520.38032
 167.75308
 168.31399
 476.35193
1422.02572
 371.35997
  69.35219
 755.01924
1001.07285
 250.36797
  57.49899
  29.24249
 998.92420
 927.85695
2045.92953
  13.20223
 266.62011
 368.37032
 441.81927
 271.59537
 485.16284
2635.54293
 167.45945
 216.25505
 169.80640
 631.07549
 533.83032
 539.59850
  64.28346
 281.28066
 839.92102
 970.41202
1163.63997
 494.69476
1097.10051
1125.22716
  10.00495
 939.81711
 280.65662
 319.36239
1129.25434
 892.63338
  31.56845
 156.08869
 155.89705
 326.83346
 893.80490
 158.66935
  25.92949
  80.28193
1104.15564
 508.16793
 265.73304
   0.35938
 418.30144
 358.32682
 111.17735
 649.74878
1305.23038
 332.26761
 353.71875
1357.68251
 491.38305
  55.73171
2134.29905
 469.38701
  50.86158
 627.08574
 400.46139
 530.26990
 194.80077
1848.53244
 365.99565
3736.10013
 585.37029
 112.26536
 429.85543
 204.88150
1352.42119
 288.92672
  92.41073
 940.41096
  87.00604
 378.64794
 968.74612
 922.59964
  87.70145
 822.65588
1399.61344
 334.76127
2118.49487
 258.90240
 928.55724
 207.93150
 827.39844
 251.66053
 416.14076
 316.56184
 289.41723
 169.42279
 276.16167
 152.37591
 564.60437
  30.83208
  12.60511
   1.77982
 106.58061
 644.93857
1411.57237
 197.60087
  20.44638
 346.98144
 707.13484
 668.07158
 146.45406
 191.72182
 732.66471
 411.60974
 665.39816
1412.60719
2892.46658
 494.42585
  32.74150
 784.34400
1377.06381
1013.57778
 917.84861
 687.39046
 303.38613
 317.32715
 352.35111
 302.24113
 920.75752
 501.88395
 290.59582
 748.44513
 233.91254
 327.57431
  12.69047
 985.02141
  71.37128
 613.30291
1053.91502
  21.82785
1106.31811
 722.35413
 838.72822
 318.04723
1138.40862
 215.73651
 305.77356
 850.70795
  64.60015
 367.39769
 948.92605
 436.77265
 572.97110
 469.12260
1267.42345
 350.89757
 774.44232
 943.23838
 887.98057
   6.01792
  78.16264
 256.25824
 518.72930
1570.67049
  68.76519
 339.51194
1001.71071
 521.40700
1286.32769
 235.22767
  75.33658
   8.95657
1069.51124
 173.18058
 297.03792
 604.29939
 506.48803
 450.89199
  58.55615
 597.77495
 579.96272
  21.01008
 763.54315
 178.42300
  12.07067
  32.68175
 147.12980
  52.10438
1066.97831
 341.44285
 401.84589
  44.98119
 526.76261
 312.96557
  68.25066
 100.03815
  76.48139
 411.04079
 213.32720
 317.70808
  65.57192
 246.59997
 802.84674
 111.30923
 539.87480
 365.47584
  19.14303
1291.24614
 372.38115
 898.33011
 191.75897
 322.25562
  63.66223
 385.03633
 131.92098
 143.54740
 232.95819
 564.69157
 535.40572
 913.44100
 364.58877
1071.88822
 293.86151
 166.92289
1920.26168
 326.31591
 377.80188
 947.96127
  66.43838
1560.15375
 335.18090
 356.96136
 287.93670
  37.99463
 428.12396
 915.79166
 147.45814
  20.04927
 163.86641
 354.85288
 659.56192
  80.13757
  14.50752
 103.05301
 235.44993
1630.91534
 249.53032
 824.34657
  17.20546
 161.29295
  54.55852
 303.58813
 833.33280
 666.53453
1334.76662
 416.10908
  34.25513
 747.12172
 438.42425
1382.00740
 721.85709
 392.39820
 196.55038
1994.72984
1216.63854
 611.03720
 366.19850
 668.63815
 105.20957
 396.38670
 717.96409
  90.19373
 335.04299
 433.03873
 932.16025
 590.49922
 618.11607
  41.48205
 532.09916
 174.95407
 618.83849
  76.26617
 312.96068
 160.04330
 179.71344
 663.65862
 391.40523
1020.55058
 336.26001
 682.72790
 558.08436
 284.45623
 574.56751
 429.74692
 556.80607
  48.26881
 340.20440
  30.84245
 444.41908
  30.65358
 307.56521
 706.07495
 739.90194
1871.87841
 550.69731
 573.87660
 774.99445
 514.13232
  22.47532
1733.57841
 445.17617
 460.89268
 413.82906
 162.33646
1096.46650
  76.82681
 216.92258
 294.39023
 345.72776
 410.84461
 182.72070
 437.52076
  19.23507
 627.61779
2004.32677
 286.50538
 118.77610
1232.86412
 193.82586
  11.01848
 703.29887
 239.42374
 455.82363
1071.53933
 307.33827
 147.55580
 191.45030
 382.73223
2204.77158
 607.18123
 141.75547
  33.89093
  87.40431
 266.73245
2095.61462
 141.61643
1498.88551
 143.10144
 999.22957
  43.25726
 715.59546
2007.60303
1122.56383
  49.43921
  89.95372
 124.74268
 152.20494
 142.92141
  61.80981
 545.23259
  21.95198
 752.45347
1822.13853
 904.45385
  80.53701
 295.49074
  23.40956
 581.05889
 147.88029
  21.68592
 180.83984
 516.43268
 404.10751
 135.19074
 642.34866
 452.86688
1205.19304
 516.64195
  61.25883
 253.10085
2468.74086
 852.69970
 667.33828
 604.24124
 210.66513
  12.57337
 869.33235
1306.95959
 686.33720
 254.14403
 634.74169
 562.10997
1282.62342
 345.64042
 508.40328
  12.41248
2221.25554
 859.08679
 533.32097
1280.39480
 473.64969
 246.06131
1209.06330
 296.83538
 628.65437
 395.95193
  93.51613
 524.89318
 865.95129
 335.86811
 113.66063
 128.83076
 463.09931
 637.96996
 882.66022
  48.60237
 578.69705
  57.76561
 207.48915
   0.25849
1856.27578
  80.50123
 156.02668
1285.60874
 102.24218
 358.99579
 501.31974
 553.84046
 398.05866
  11.52511
 928.00717
 308.38848
1167.43251
 621.99548
  91.39640
 426.51105
2095.64200
  50.42984
  92.35579
 458.32778
 264.30972
1085.11639
 770.42325
 116.94870
 597.16881
 324.00869
 307.77293
 560.57987
 358.55367
  34.54878
 424.13325
  13.22146
  49.83199
1030.75583
 144.85291
 274.57207
   8.55727
 686.80526
 930.74570
  22.72441
 216.65489
 110.36376
 684.27893
 104.57021
 200.49839
 106.20742
 881.86159
 573.52881
  94.32973
  13.86408
 175.00419
  62.75944
 338.88715
 233.61797
 150.04063
  92.47952
 248.95394
 741.84826
 718.04388
 544.76094
 755.44399
 262.84561
 540.41402
 615.78221
 229.02131
 211.04090
2692.13577
  21.62908
 485.25227
 231.36479
 557.79489
  47.28450
 562.99184
   7.58243
 260.48522
 297.42243
 323.70891
 469.76188
1946.24544
   5.58957
 654.31329
 110.61044
 764.65367
 823.22272
  72.49020
 552.14074
 453.64352
 944.77602
 805.53136
 187.31401
 859.76600
 154.69584
 231.41877
1145.57967
 433.26010
 197.62926
 274.46268
 543.59195
1403.16125
1133.94448
 170.31019
 717.01246
1006.30817
 158.19617
 162.65979
 137.88074
 217.71165
 599.46181
 955.12547
 882.20459
1968.31056
  40.04633
 754.79659
 353.22611
 638.85858
  10.97449
 960.26066
 867.12507
1452.76650
 277.26661
1031.99895
  67.84471
  98.56170
  10.93087
 279.94316
 723.69844
 343.68524
  78.39776
  17.60849
 919.68704
1787.82101
2877.97176
 446.88235
 465.57836
  16.46683
  71.66786
  56.60648
 174.43263
 230.26983
 252.22912
 717.22553
 800.02216
  15.08530
 408.88134
 981.13158
 269.80696
  32.79294
 382.90885
 491.63280
 343.91849
 466.98268
 236.01778
 388.25494
 839.13825
 235.96463
 295.09593
 939.97105
 820.58610
 541.37681
 401.47630
 129.17048
 609.69406
1045.80347
 630.02152
 580.60258
 114.08777
 193.57528
 581.79989
 498.16303
 490.55630
 300.88861
 290.58140
 820.98958
 175.49742
 113.56940
  60.34772
 886.83694
 581.65706
 208.12745
 324.86199
 644.70581
1064.50983
 520.95261
 846.05921
1249.49611
 221.92043
1336.42888
1242.58282
 177.52939
 497.90258
 538.94727
  47.12492
 911.02864
1828.75718
   3.60665
 142.94516
 333.64234
1194.51219
  58.91905
 468.45887
 188.20843
 404.79200
 238.65400
 468.77299
1082.92126
1662.95092
 529.00613
1198.19155
 670.79894
 805.28268
  13.22935
1389.52114
 153.90999
  56.95897
 108.72082
 292.24587
 535.95100
 112.79806
 873.44344
1666.50700
   2.44524
 447.23461
 651.97201
1356.45421
  55.72553
 153.73711
 426.31883
 202.65868
 218.23971
1473.60992
 250.84838
 791.10383
1047.37972
  23.54963
  74.56833
 100.37970
 674.90578
 397.01520
 185.63783
 430.09323
  63.66707
 697.67643
  35.12506
 167.96645
   1.34773
 424.42300
 440.39365
 239.70713
  42.37393
 383.22618
   7.32835
 765.70501
  62.79379
 489.25919
 628.21784
1024.81727
1345.40875
 293.80726
  63.69524
 693.35725
 819.77153
 582.92448
  50.47535
  47.75395
  37.92098
  79.95889
1625.72380
   7.37002
 542.27314
 418.87507
 146.34141
 734.33355
  36.23764
 301.87077
1196.98283
 501.86776
  54.68826
 707.76431
  72.35623
 431.11982
 500.16707
 181.32261
 136.33714
1181.43411
  72.67902
 957.18572
 614.73673
  85.64931
2451.91909
 826.73457
 248.55857
  76.45773
1967.12349
1118.53270
 367.03318
 569.03874
 840.21997
 148.88715
 203.65695
 493.25271
 913.12892
 196.05140
 650.95493
 364.19850
  33.98122
 115.97954
 457.23028
 147.23761
 594.31615
 203.95482
 274.29584
 390.71218
 578.92856
 875.05326
 278.52749
2006.00952
 754.22752
  16.39226
  83.97901
   6.51726
 357.91737
1152.73231
 360.45327
 158.59598
 545.10278
1948.50218
 929.12319
  20.30181
  84.24225
 294.22880
 939.97701
1576.03617
 651.42088
 187.42485
1534.25612
1989.70082
2712.76592
 599.71712
1093.60953
 183.16122
 409.38405
 568.60196
 244.66671
 475.95979
  22.68209
 298.27710
 403.69250
 527.16542
  93.18644
1242.46274
  57.96235
 146.91055
 965.25215
  16.51026
 957.00139
 423.12909
 427.19585
 409.64642
 438.67928
 768.59274
 208.23823
 743.56228
 182.24767
 539.55677
1243.58997
1714.78515
 494.58033
 175.55269
 237.34528
 334.72173
 479.81216
 710.69775
1150.40802
 172.00051
1881.47961
 150.73795
   7.94497
1728.97580
 673.39721
 460.74177
  27.47027
 702.63122
 180.57718
 366.53793
 618.74177
1060.99959
1194.42303
 154.83852
 274.29690
 425.26090
 797.86742
1125.87423
1674.08113
 953.08717
 560.69071
 431.57421
 378.51006
  28.98684
 119.80154
 149.09396
 531.16119
 415.68482
   1.42196
   9.85758
 186.11817
 947.83262
 313.57722
 188.29514
1170.01984
  50.33072
 190.57249
 921.92265
 858.58504
  12.17409
 417.32982
 387.07645
 703.70774
  82.99857
 467.96347
  33.37142
 806.20534
 614.91483
 426.21328
 123.42339
 291.51202
 481.51438
 567.38623
 666.47932
1920.32454
 285.31922
1652.42076
 976.47271
 280.01559
  11.67304
 108.50376
  74.51113
 151.63688
 563.19629
 420.83266
  33.79882
  57.61227
 161.80407
 465.89283
2124.52469
 356.85196
 504.14385
 609.63435
  20.58961
 613.67418
 496.57642
 634.50769
   5.03276
 462.91975
  73.24139
 192.67671
 238.00833
 215.79998
 443.90924
3027.78057
 206.01713
 956.70280
 468.58527
  75.60640
 970.54825
 109.96970
 712.68501
 533.05052
  51.69134
 906.50087
 362.53065
 301.25988
  46.73793
1489.74173
 556.91304
 162.23301
 437.95090
 318.79554
 300.77204
 810.08160
 450.71880
 394.45633
 608.78490
 522.80480
 273.35065
 324.63396
 145.57575
 227.09506
 669.97373
1872.81408
  22.53765
1046.21220
 939.83223
 844.59182
 898.04880
 303.72661
 946.11469
1396.58905
 107.86963
1960.84695
 538.36917
2073.55092
 551.55902
 811.67650
 141.91594
 365.82748
  95.25397
 134.47115
1088.35411
  63.80727
 646.14348
1108.71311
 197.44094
  34.73887
 273.81734
 111.50507
 225.85111
 278.13285
 114.38266
 523.43049
 381.73733
 535.45748
 218.99591
 123.69749
 948.11095
 612.48345
  83.16218
 771.06170
1709.54244
 265.08599
 346.98476
 393.11229
 376.71635
 321.74359
  62.41952
 142.53333
 132.68592
  59.74980
 113.53338
 706.93208
1132.80952
 284.30914
 982.49496
 242.92362
 726.22461
 344.65790
 609.53038
 282.99840
  89.10284
 274.76062
  43.14442
 680.68152
2720.90379
  91.43333
 133.93394
 189.99532
 164.56743
  25.54942
 203.19361
 292.41644
1459.12967
 368.81563
 721.68791
 109.59455
 324.70478
 744.74389
 661.61840
   5.26122
 414.76295
 750.02008
 194.16260
 357.95927
 887.60787
3190.77954
  59.94235
1301.77356
 591.09158
  95.52845
  39.82639
 417.89256
 584.16108
  68.67552
 149.66339
 187.82423
  77.95909
 244.89515
  22.36777
 595.63499
1572.10288
 399.40721
 195.90114
 159.56537
 233.02096
 174.44828
 398.27992
 129.42539
 286.74642
 364.80710
3212.29343
  76.27942
 186.01962
 720.90923
 118.54000
 493.09734
1647.88905
 167.55583
 112.09882
   1.19500
 315.40547
 299.08443
 379.16111
 196.67725
 891.67569
 720.36329
1085.83102
 183.31313
 209.34961
 124.25837
 802.25154
 449.75621
  48.79417
  10.43108
  86.53139
 127.63593
 100.46101
 800.35506
 563.99209
  93.40622
  39.88854
  13.89922
 260.27913
 433.60467
 429.88244
  24.98293
  72.53959
  62.79711
 470.89110
 428.11609
 296.85743
  56.64094
1301.01653
 388.69152
 309.26493
  16.76701
 703.72551
 509.78926
 474.75932
1635.75650
 401.16126
 113.74384
 152.39538
1324.27800
 100.05358
1051.42114
 231.70868
 957.30360
 643.68792
 795.52033
 645.79154
 275.89419
1076.60245
 315.88023
 143.16063
 233.03732
 296.85509
 873.24963
  16.51987
 409.19514
 461.58097
  50.86575
1096.00096
 193.94305
 600.40855
 289.19197
 112.31734
 320.86067
 860.70182
 961.07101
 102.56777
  38.33531
 152.92863
 132.41199
1138.75157
1905.81548
  18.02206
 102.90798
 478.27598
1024.48700
1101.60893
 234.67568
 102.08132
1252.31871
 769.12144
 602.35991
 661.33038
 279.86536
1001.96706
 437.36012
 209.73003
1201.71085
1612.49196
 283.64403
4097.00538
2289.49127
 664.66973
 141.60705
   9.90610
 478.72937
 409.23644
   7.54937
 162.12389
 400.55686
  23.95959
 536.61186
 990.53639
 767.44594
  70.97565
  15.31581
 214.55036
 307.26062
1282.34034
 101.20915
1849.88303
 172.40777
 330.55108
   1.50669
  65.39523
  93.47857
 265.56329
  35.96861
 156.26135
1237.76735
 859.01743
 262.15831
 412.29119
 228.10745
  14.18113
 254.48804
1041.30674
  85.86753
1205.71345
 940.08382
 112.64592
 289.52919
  43.63089
 520.23084
 615.05197
 645.90298
 702.36995
 210.52148
 283.19292
  27.29766
  96.79041
 677.97349
1367.41260
 442.00225
 620.18429
 351.71848
 790.50590
2354.35462
 266.82049
2209.29189
  17.68941
 760.36039
 795.63721
 107.82463
 897.22413
1971.26001
1672.40753
 335.53049
 259.37735
 182.08690
 395.21746
 182.31636
 466.41080
  46.40844
 145.60886
 256.22799
 845.95504
 227.53610
 575.06831
 805.87882
 168.35581
 365.26076
 359.61147
 388.74626
 296.21293
 217.00779
  66.79906
 689.87262
1115.66750
  94.01411
 105.64884
 619.21398
 677.30165
 387.68882
 533.52537
 400.06995
 263.37388
  44.52189
  82.78272
  57.45569
  94.48356
 254.96678
 103.28105
 740.17233
 193.82742
 201.85968
 473.44060
 409.27498
 924.33589
 482.75238
 359.22468
 235.81920
  78.92513
  26.18675
1208.99701
 240.61749
 996.88703
 104.64907
 129.89408
  73.24768
 363.21773
 336.60429
  26.22294
 211.33415
  49.30106
 181.67939
 608.01554
 692.78260
1920.17218
  55.57556
 175.12288
 132.39229
 184.18922
 459.97728
 732.47530
 699.07585
  74.49223
 749.76006
 168.48837
 641.70701
 233.97687
1877.64696
 228.62678
 187.91421
 848.16437
   5.06930
 123.64333
 145.50008
  15.05025
 532.18338
 347.03594
1326.27837
1203.74750
 377.48259
 539.99437
1308.77916
 221.14496
 501.75760
  81.10452
 230.58441
 626.97396
 135.59941
 458.64044
 189.23436
  91.05167
 678.40301
 296.20524
  35.35543
 550.35560
1198.25786
 301.62182
 135.64182
 194.63438
 280.31147
  20.08648
1028.30007
 365.71366
  80.72060
 859.11156
 148.94359
 216.82124
 175.25119
 356.13826
1392.19182
 305.48477
 264.26173
 494.38872
 600.27289
1407.88014
1142.54827
 372.56340
 170.17039
1719.42275
  45.85522
 301.46523
1649.38534
  22.35712
 366.97568
 131.07138
 201.22790
 128.85844
 107.98102
 632.65058
  65.80168
  32.10493
 313.37599
  32.33027
   5.82675
 191.77516
 142.29681
  28.18739
 899.12501
 333.54732
 192.57088
 540.49769
 340.45445
 288.93443
 369.81058
 322.46534
 739.56024
 511.84913
  21.94678
 880.81331
1167.94403
 762.80965
 575.73760
 338.32849
 579.95629
 134.55897
 222.45149
 113.61139
 429.43142
 891.74504
  91.90922
  56.28949
1216.17514
 316.37182
 672.06921
 179.32491
 201.17135
 421.77400
  40.82636
 268.67010
 406.49382
 179.20291
 139.29628
2236.70952
1472.06700
 713.82217
1395.67607
 780.90990
  61.11259
 148.24692
 476.62624
 196.97602
1421.47721
 257.60058
1071.17084
 619.82905
 262.61331
 655.27462
 898.02585
1118.37745
 384.91512
 784.33701
 704.83732
 756.91609
 146.87837
 225.78417
 833.97085
  89.88128
 378.01511
1453.89105
 531.30237
 399.77348
 937.29113
  30.96805
 137.23948
 886.25712
 146.24131
 357.92109
 311.16603
  29.76978
 173.77101
  83.98187
 780.82270
1042.57790
  43.77254
 123.98049
 132.91995
 151.86417
1520.61905
1757.24336
  13.89180
 920.84879
 676.94219
 705.57487
1283.33452
 191.20211
 389.86679
 256.84308
1104.98784
 630.77269
 202.22539
 766.21590
 277.67862
 281.23646
 664.08497
 422.31294
 370.67881
 133.51499
  50.99188
 725.98975
 454.97620
 702.21452
 326.80764
1114.24001
  30.40253
  51.71268
1652.28648
 166.13331
 180.31656
  76.32558
 727.07750
 158.59958
 554.98139
  69.31727
1521.26099
 645.07755
1338.41684
 817.74981
 210.29691
 760.91766
 366.01487
 471.90953
1165.37383
 203.06986
 233.22560
   4.07313
 175.83493
 243.50265
 886.02104
1082.40605
 716.87404
 267.73907
 300.41301
 874.12119
  57.56157
 351.17024
 318.36390
  46.05010
 358.48706
 468.12035
 179.65735
 270.55474
 351.78027
  57.69900
  93.76244
1592.16831
 474.42032
 231.01631
  16.07659
 194.89978
  96.59092
 463.75478
1353.53613
 874.45429
1570.37029
 699.13523
 925.23598
 856.80998
 207.59883
  54.67030
 146.95701
 443.60084
 728.38584
 336.92591
 301.03159
  77.84804
 434.82054
  87.37988
 101.21316
  80.94611
  27.54736
 256.62242
 306.31363
 360.44738
2196.63580
1392.10890
 161.32790
 182.10792
1214.30060
 602.39053
  42.32574
  60.18288
1404.57780
 846.82431
 309.93220
 706.81993
 767.55042
  91.99142
 177.77241
  26.67473
 164.99765
 175.93665
 604.02676
  13.55355
 575.66906
 301.08883
 663.55560
 287.46290
 414.64491
 318.28243
1127.41088
  31.82832
 315.83326
 798.87100
 114.26565
 559.77669
 306.83873
2333.58471
 637.41507
 791.05839
 139.61185
  59.52104
 433.17355
 329.67226
  82.04206
 469.49529
 177.31525
 115.13741
1129.14906
 373.11534
 163.66505
 433.55862
  70.11187
 198.55666
 155.29524
 428.16664
  41.26457
 843.06636
1092.86652
 499.35384
 622.54562
1387.15403
 436.18033
 761.94243
 701.18564
1011.01712
 374.36303
 456.86413
 227.22014
 429.21948
 193.57453
 802.80641
  59.22103
 580.84814
 280.38299
 739.34600
 347.34308
 978.66101
 139.74368
 307.03767
 407.22270
 111.23013
 932.68767
  44.78212
 917.58406
 468.26131
2168.43454
 490.88138
  84.44578
 564.37730
 735.00840
  55.13492
 164.61996
  19.55240
 838.78154
 383.50984
 361.59938
   2.37436
2872.58040
 511.06184
 889.31436
 583.89487
  32.86156
 185.96217
 367.14162
 339.34004
  86.36168
 287.72473
 397.93109
  32.33635
 862.12563
 830.63401
  54.54200
1200.33934
 456.95261
  88.25067
 404.02647
1529.91102
1547.23583
 997.37657
 294.55887
  38.08306
  80.67313
  97.06376
   1.73305
 750.28140
  91.44176
 188.04264
 371.25785
1079.01433
  49.36085
 666.07987
1020.31387
  53.05168
3154.48501
   1.79831
  75.09529
 964.62978
 276.49095
 104.52572
 248.81202
 702.13921
 225.89561
 101.36153
 224.30754
 325.37516
 172.33815
  53.77234
 629.46189
 366.85067
1142.53523
 847.49321
 717.99408
 109.33875
 204.00860
 699.44465
 293.65787
 805.95333
 734.28059
 534.21178
 194.02781
 464.86980
 917.61666
 517.95423
  82.97730
 691.42783
 726.89883
  13.15346
   0.04269
 333.16637
 716.71836
 489.78477
 427.67365
 571.02306
1475.42755
 359.17397
 642.26320
  42.12697
 110.37454
1432.33460
 135.06418
 474.91202
  45.84980
 418.20386
  83.60139
 593.00688
 239.94085
1511.08728
  43.40399
 216.69062
 476.50325
 117.28021
 611.49303
 230.80434
 150.93213
  53.37261
1987.47424
 388.83451
  68.22785
  28.63576
  99.39985
 209.66807
 161.28375
 659.01890
 270.57956
 346.01484
 163.66262
 221.71638
   0.69137
2127.94063
  92.74236
 892.85870
  41.99731
 177.59233
 305.36927
  10.79010
 258.26914
2655.94373
 230.76328
 117.33588
 426.19623
   3.40101
 727.48424
 220.33302
  40.32413
 203.35870
 447.50633
  72.32305
 507.29303
 640.49719
 380.04149
 401.03165
 640.69337
  74.48154
 215.06808
 104.93725
 581.03382
 744.01485
1857.61595
  43.16651
 902.93595
 183.10822
 956.43272
 392.29401
 606.45276
  50.76461
  69.49184
 362.42125
 628.14852
 110.11275
 108.43726
 707.09875
 685.65227
1616.79463
  19.33610
 159.10560
1027.10805
 484.21066
  19.91560
 262.12014
1234.83032
  14.64020
  73.67398
  32.63979
 285.32003
 436.05215
 731.01596
 308.16982
1175.46031
 633.17047
 609.99703
 734.44175
   6.26666
 110.98917
 783.10267
 766.42253
  93.83416
 304.78794
 930.05367
 402.61403
 677.93915
  18.83739
 435.55711
1130.10614
 709.33261
 518.63288
 410.62215
  25.56488
  77.35383
 352.68187
  81.71579
  62.73503
 945.25726
 881.90580
 280.81999
 572.20604
 338.86463
1213.95671
 309.76497
 325.48748
 184.36533
 325.63568
  18.23907
 288.39594
 509.81591
1097.64878
 804.89630
 742.08868
  21.42984
 353.79144
1714.12177
  97.65778
 387.00792
 459.77648
 175.96290
 150.96950
 559.98210
  30.37490
  91.15856
 261.74733
1340.68092
1150.55367
2614.96510
 322.39495
 688.68669
 759.03805
  33.39097
 841.90552
  34.94572
 255.89981
 167.43472
 178.98568
 398.91463
 286.48139
 323.67597
 544.41255
1181.43100
 252.54166
  35.34069
 525.39157
 524.56619
  18.19046
  98.50290
  60.29782
3867.61051
  31.51375
 594.05241
  99.77751
 147.57492
 893.23331
  28.30143
 459.10949
1613.38509
1324.81849
 654.98906
 189.86128
 335.52534
  84.54155
1211.29164
 676.03961
 160.67570
 258.86188
1092.05704
 513.96760
 783.50461
1410.78695
 138.71991
  36.40756
  30.27207
  58.54826
  84.34323
 206.70642
  93.36170
 514.87022
 202.01967
 208.03010
 171.95494
2023.74411
  81.92736
  78.17215
 254.66495
  33.32449
 132.11638
 195.56467
 703.12890
 552.96077
 644.56762
 593.32096
 529.28508
1462.21207
 435.91760
1482.52131
 702.88007
 203.17387
 105.01090
 892.72640
 677.27346
 370.99094
 109.94575
  79.66786
 816.19374
1435.62170
 225.15555
 672.16419
2793.68677
 452.97399
 250.18718
1004.53632
  47.88602
  65.47192
 228.78419
 203.10680
 386.72984
 603.95202
 127.84131
 447.01285
 312.63637
 664.88045
 338.59814
 139.92709
 464.50830
 484.50373
   9.46654
 166.41401
 599.43702
 710.74795
 116.62610
 127.05018
 317.24139
1039.98672
 898.63319
 371.51184
  93.83182
 745.06707
   7.56677
 947.42195
 286.85887
 295.50367
 851.74359
 305.07342
1040.82571
  63.30682
 227.28876
 565.27137
 163.45872
  64.27953
 845.05288
 240.84784
  16.20498
 130.66960
 100.90688
 520.51107
 760.37853
 410.29850
 716.07948
1109.22482
 402.83052
 241.11446
 476.63208
 599.43881
 766.10946
  75.53610
 471.76966
 414.52712
  37.87532
 274.54059
 447.75742
  11.31159
  91.83739
 215.01866
 145.61876
 201.51828
 818.99847
  97.76169
  31.21606
 115.95635
 156.76067
 343.94203
 791.94638
 296.51097
 327.51002
 596.51831
 317.15317
 543.51076
 143.68093
 306.05483
 565.09386
 277.21865
 423.62414
 970.43095
 232.67608
 254.42038
 156.67853
 604.51391
 186.40958
 759.95222
 179.70002
  12.61946
 246.55883
 172.22640
1302.37004
 230.29685
 569.94881
 617.01717
  85.82873
 329.27479
  66.37410
1229.04133
 333.73737
 145.14010
 267.88882
 404.64830
 138.96801
  35.80518
 473.82757
 181.82371
 724.15714
 677.75701
 393.59415
1632.18525
  72.97324
1454.28103
  53.03878
 121.71353
 166.60191
 262.97722
 154.30237
  28.23409
 545.09360
1037.44059
  84.01473
 476.65046
  77.16834
 416.28072
  70.00950
1140.25039
2279.48596
  69.11324
   5.39758
 123.04937
 274.25118
 383.85608
 332.13396
 710.79627
 128.39307
 377.63825
 790.48632
 399.16929
1686.94918
 175.33150
 369.12728
 194.09388
 159.33926
1260.21936
1306.41063
1055.08476
  24.78273
 692.38445
 190.24715
1088.94900
  40.24598
 575.54079
 269.83504
 366.36312
 436.85931
 272.17935
2289.71006
  74.57076
 115.57804
 710.18921
1396.28033
 491.62043
  22.74552
  41.26628
 144.82955
 247.27999
 287.45893
 514.41182
 436.73386
 631.99651
1126.41703
1074.52585
 206.79298
  19.03896
  46.61812
  54.74899
  90.69681
 575.92244
 651.98399
 713.94106
  20.56678
1299.66632
 226.77163
1417.07377
  67.42291
 115.20489
 396.30496
 233.79661
1641.38172
 335.99891
 195.86234
 146.64898
 671.12383
 168.70305
  79.30141
 197.17441
  11.52402
 172.69098
 422.78878
   7.97362
 888.85397
  85.95739
  88.07177
1034.00873
 706.65659
1632.76339
 788.82488
 117.07553
1494.49007
 228.20669
  56.48334
 133.12410
 225.43877
 195.57227
1131.89169
 358.54928
  61.20932
 351.98616
   7.61282
  93.16055
 371.21877
 642.37061
 497.31436
 487.12257
 592.00593
1197.98936
 116.33937
 192.14658
 693.37174
 172.10840
 606.61325
 250.58866
 216.88193
 687.28729
1004.89417
 117.03273
 174.07547
1435.88790
1494.90154
 664.12585
 181.51939
  74.64789
 430.60784
 108.73594
 834.93809
 368.72805
 505.97388
 336.98477
1108.62326
 388.69868
 149.60222
 233.11393
 672.75872
  90.40982
 603.68399
 898.23786
 461.48189
 812.07617
 523.09534
1549.38635
  29.78559
  27.11392
 747.30761
 548.05866
 410.69424
 396.39775
 727.68820
 272.23876
1381.30881
  14.00128
 387.16211
 483.44756
 125.29029
 200.48172
 206.32424
 751.95141
 440.92815
 110.49281
  18.30421
 147.61399
3549.79102
 111.00230
 108.10439
1109.17051
 178.56031
 582.26094
 589.19737
  96.93746
 201.12794
 514.01529
  90.16093
 135.50138
  30.44892
 201.36975
 821.06669
 352.68413
  77.04499
 827.90688
  79.28821
  94.31519
1487.73076
 124.61640
1558.46331
 442.39417
   0.51594
 144.95658
  51.54900
1554.98820
1209.68542
  33.08742
 392.02018
 196.27754
 148.01444
 753.64895
 804.73058
 234.44537
  19.35111
 242.63799
 797.44306
 522.68786
 821.42477
 291.91022
 409.58299
1221.84450
  38.13532
 290.62464
 453.85713
 868.91854
 124.91988
  69.22926
1574.88398
1645.29225
 170.10788
 220.25271
  65.62579
 516.22362
 112.94145
  31.42619
 132.75642
  48.15720
 405.13040
  18.20217
 321.73493
 449.04457
 624.28261
2333.02584
  86.21726
 342.61937
1273.04964
 157.11651
 273.97830
 751.63384
 145.84289
 148.91913
 780.86106
 374.95490
 542.51637
  79.65437
 637.42744
 506.59567
  21.02010
 176.65563
 915.22649
 364.12537
 270.81284
  66.26799
 898.69894
 540.60389
 724.06988
  46.58895
  52.72827
 389.81665
 281.74690
 123.90626
 261.09272
  98.23733
 302.35107
 468.48920
2552.00573
 179.59256
 107.56482
 274.34923
  13.97883
 301.93103
 253.01427
  27.02416
2091.35875
1996.14084
 421.94624
 654.16870
1469.44121
 224.16093
 412.39737
  99.78950
  29.55044
 594.13659
 561.30724
  96.71805
 934.90469
 150.60646
 370.70620
  66.86262
 267.48502
 957.54019
  87.42307
 590.12440
 302.07867
 660.32934
 844.87548
 793.03556
  77.55968
 168.51723
  41.57103
 195.67733
 981.32741
 854.52587
 277.67973
 189.73623
 983.82828
 177.97104
 734.66147
 661.53412
 245.44506
 253.16674
 360.51632
 107.28666
1871.69337
 143.86216
  65.88659
1006.58571
 243.33462
 521.60275
 165.09857
 466.37259
2021.67039
 537.97644
 361.46160
 751.03726
1499.47780
  32.15219
   0.01148
2643.89943
1156.53042
  94.58888
 477.30759
 924.25746
 947.86620
1084.46749
1665.69519
  95.87341
  70.78741
 132.02671
1112.95841
 151.53639
 149.45098
 108.28377
 680.24990
 110.84441
 489.82578
 617.64564
 819.95482
  14.79051
  98.27292
1389.37811
 106.32609
 225.83240
 396.26581
  98.67276
 138.20215
   8.50543
 445.68424
 866.80483
 225.43226
1405.86258
  72.55639
 622.12859
 444.30384
 714.05797
 656.59138
  45.37496
 522.43995
1047.15683
1316.97569
 170.30175
  42.62088
1222.17756
 217.19984
 493.86681
 354.53966
 146.42544
 909.60532
 464.90697
 639.79048
 189.67126
1732.30996
  96.64127
1049.93142
 226.71142
 216.84036
 132.51051
 159.86928
  48.46758
  64.25735
 427.97016
 302.25631
  92.16705
 448.52426
  42.84141
   2.90162
  58.48908
 352.86107
1404.86162
 620.38863
 205.95276
 811.76180
 133.43653
  47.60963
 163.36139
 258.31371
 754.18435
  32.31249
 537.60184
 628.36497
 549.42050
 884.99666
1456.66472
 227.82390
 164.12380
 341.93113
 273.40604
 522.14516
 568.33005
   5.13266
 205.73009
 501.36040
1060.22048
   7.10837
 296.04089
 475.10246
   9.07469
  72.39992
 565.66263
 686.10387
 902.61765
 184.22575
 326.89186
   4.24207
 275.84248
  29.09959
1242.30537
 111.01773
 452.79499
  14.30959
1041.54085
 191.74157
 529.20024
  47.01135
 426.27144
 845.70379
 188.08474
 122.51431
 177.10325
  11.94254
 549.83463
  45.55606
 390.83425
 852.45014
 140.08761
 862.72854
 590.91054
  10.76281
 121.89049
 453.49277
 312.36996
 405.00039
 574.74977
1483.94574
1062.09026
 563.43364
 937.07431
  29.87802
 569.11896
 352.15228
 417.04961
  99.55057
 278.63879
1535.75227
 698.98522
 141.79426
 303.21884
 117.93908
 798.30533
1034.41047
 155.66118
  73.12841
 324.24343
 973.46710
 409.55656
1223.99254
 367.34269
 106.88846
 242.91665
 200.13458
 144.92462
 671.75480
1008.39594
 145.62652
2310.52239
  75.96658
 145.33414
 177.46564
  24.31715
 139.15051
   3.12621
 483.98830
  24.99723
  76.39599
 441.00442
 390.84649
2380.50813
 280.04632
 467.09765
 564.33228
  79.43576
  15.88781
1068.13982
 677.40922
1904.09825
  38.87826
  14.31652
1217.39452
 283.96408
  60.62384
 291.18641
1219.46176
 932.15756
 238.39201
 121.84453
 193.43861
  25.84797
1076.92804
 390.75522
  74.03031
 292.71650
1001.82646
1120.32535
  31.60007
  30.04572
 418.72325
 314.36903
 700.09794
 579.86166
  78.09703
 174.53254
 212.20206
 171.30594
 136.85540
 364.20758
 539.47247
 247.57032
 145.34387
 238.25858
 399.67330
 165.43410
 877.79713
  96.88969
 226.97824
 261.24738
 133.50910
 902.49381
2038.85290
2392.99879
 847.58271
 169.54934
 188.49204
  55.35019
 613.54673
 428.38691
2908.06834
  72.81342
 132.33283
  22.64116
1355.32022
 280.94648
 691.55387
 336.97072
 141.76097
 560.80314
 464.61356
 394.20485
  96.85447
1229.27166
  83.10946
 237.48815
 318.30789
  65.06511
 111.67071
 330.07292
 413.58740
  83.87701
1368.66067
 103.98373
 157.13132
 477.25720
 731.57168
1099.33297
 902.80457
 167.93224
1109.88284
1869.35408
  64.11877
1787.65031
   0.67375
 413.82141
 552.03114
 138.36829
 349.59357
 699.29954
   5.39271
 149.23426
 689.04025
 112.05565
 304.95209
 383.28300
 262.14489
1001.00987
 357.95062
 393.29089
  39.46512
 239.68365
 231.03559
 480.66927
 113.14017
 322.31991
  84.37162
 164.61504
1171.88589
1058.12911
 512.82240
1184.81091
 129.78972
 280.90777
  26.86188
 563.56726
 639.71229
  77.92148
1227.03437
 338.42941
 177.75723
1140.61224
 181.01820
1288.64379
  55.29645
2337.77927
 778.65152
 860.44000
 332.64964
 166.40615
1205.69859
 288.38401
 146.62863
 349.74983
 371.49260
 284.99345
 985.10346
 445.48378
 510.73809
 236.17836
 272.63918
  87.38758
 271.45917
 562.89259
 959.46148
  56.31123
  73.17941
 273.62963
 672.81908
 122.35538
 356.98907
 393.91631
   8.07194
  88.16921
   2.71247
 274.54567
 162.17789
 937.35098
 283.27480
1095.15458
 333.45018
 251.78629
 131.42302
 375.59048
 702.16539
 212.86514
 596.96943
 417.33861
 758.21468
1275.53192
1263.57787
1225.83148
 436.23266
2121.17238
 139.61509
  10.46647
 308.83663
 778.35457
 162.83152
 246.72250
 113.79818
  84.64646
 923.04479
 135.72760
 629.95525
 644.65969
  58.58896
1754.29296
 345.80626
 116.10373
1578.27747
 513.38993
1433.92448
1176.71696
 546.48666
  29.23483
 182.86757
 285.59561
1068.24139
 112.95174
  34.38858
 101.68178
  71.11499
 358.41837
 190.13007
1731.95075
 724.40828
1424.43382
 483.83358
 458.86434
  32.90419
 230.11528
   4.81660
1565.99722
 659.36397
 233.20416
 318.16483
 521.51837
1194.87955
 124.55451
  24.39374
 107.19288
 252.73461
 402.48850
 790.20150
 121.27908
  19.97653
  32.53599
 983.83867
  22.94535
  95.94221
 151.14480
1497.29384
  30.21273
 219.85545
 242.10640
 239.70984
 644.77733
 107.20538
 512.68179
 851.16213
 174.14800
 440.40792
 384.65113
  91.23560
  56.16316
1981.16417
 389.35743
 145.46349
 960.47100
 123.45134
1144.30144
  59.72730
 454.47376
  14.14033
 421.77413
 225.55876
  89.11985
 506.74492
 751.43269
 197.42017
 986.54246
 176.24182
 225.39861
 176.16501
 556.30528
 653.45841
 546.22075
 399.81282
1077.07038
 324.85778
1181.81281
 684.32047
 234.11112
 203.99556
1181.48067
 322.71944
1346.16352
  57.56294
   4.18494
 482.73112
 111.97227
 252.13690
 849.11962
1372.61758
 915.80760
1250.00230
  11.38790
 307.38411
 278.45288
 107.54672
 637.00363
 917.70333
 284.97539
 372.89744
 621.92722
1381.31126
 192.84299
 324.32625
 239.69087
1043.84646
 910.55272
1019.83759
 323.22039
 403.47605
  31.19043
 464.34684
 732.94668
 852.43607
  28.00301
  98.55584
 122.76340
 181.29396
  30.71878
 121.47858
 436.27407
 354.49973
  54.45683
 516.79421
 911.87719
 548.45097
1198.78543
 399.99926
 661.58745
1180.91655
  18.78634
 842.46075
  12.28806
  47.75910
 103.00936
  41.56773
 698.87804
 487.69201
 376.32785
2052.39482
 103.77674
  34.17181
 110.01747
  93.49153
  52.85498
 583.44595
 105.56965
 237.18916
 143.83827
 342.18742
 356.26648
 347.09620
1028.85583
 894.86202
 127.97436
  82.63522
  31.31481
 779.81400
  81.32221
  43.87826
 675.46111
1703.25107
1045.37958
2209.91539
 745.81524
 909.88301
 898.89704
 343.80368
 807.89101
1221.76495
 391.87700
 120.67592
   6.48197
 181.42072
2044.63618
 161.67471
  78.08266
 321.29629
1604.43804
 926.96701
 156.34510
 102.80149
 135.55742
 207.29787
 684.61069
1256.26407
1309.32618
 542.06599
 240.09643
 923.83211
 457.01629
 231.15323
  38.02928
1531.98253
1106.04853
 116.96542
 419.82834
   5.97598
 460.05711
 439.74411
  95.97594
 857.42398
 125.89968
 133.82730
1806.22835
  81.33703
 188.32744
1118.98060
1278.60158
  42.78763
 111.57998
   4.72458
 303.26894
 438.24422
 119.13027
 763.97391
 152.92578
 693.24838
 502.45950
  89.21984
 183.72480
 133.32490
 354.75536
 207.69532
1586.35594
  16.46542
 202.06350
 334.64940
 424.23599
 331.39891
 298.36113
 384.38794
 910.20743
 317.64140
 120.04410
 597.13747
 185.42540
 525.20661
 821.46671
 477.60003
 598.51573
 244.40442
2221.98691
 101.56439
  82.21218
 139.80405
 307.23228
1400.90152
 191.63804
 319.10358
  36.45004
 437.77842
 968.82971
 404.27654
2113.05154
 568.78282
 248.50832
  12.67929
 323.12817
 602.78029
 364.46277
 161.42960
 258.42344
 156.50278
1602.53336
1459.90082
  26.74975
 669.63137
 320.87188
 187.90637
 225.07753
1389.48781
 515.33205
 312.80005
 581.12787
 271.67571
 336.58888
   4.42619
1511.16731
 299.12747
1241.51916
1439.62164
 360.90522
 479.80218
 423.29389
  76.56962
 690.01652
 539.25185
 138.35313
1449.87545
 175.44015
1241.81715
 286.73338
 687.71315
1664.81515
 431.15886
 454.52820
 874.70565
  15.71831
  56.25102
 366.83516
1043.94564
  36.65739
  52.85527
 290.35407
 511.09828
 252.74993
 902.11246
 313.21952
 132.81998
 651.23949
 391.85209
1547.20034
  23.82299
 194.42625
 328.56039
 100.34190
 544.96980
 685.79118
 244.10338
 610.64146
1234.69613
  61.49078
  72.05328
 226.96002
 715.15369
 514.48557
1434.53894
  81.66536
 696.32253
2707.93036
 319.90810
1217.91382
 145.59545
 763.04369
 303.49476
 131.72521
 588.41026
 515.15835
1008.92901
 395.27534
 772.43199
 563.68190
 643.14633
1462.54155
 235.49129
 524.00830
 173.83710
  41.52704
 142.72190
 228.80842
2725.88380
 159.79700
 185.17015
 610.81878
1398.57757
 532.25107
1870.05951
 244.01751
1641.63375
 282.43968
 289.67796
1545.59395
1155.54506
  42.19648
  49.72154
 175.66047
  59.62417
 814.54172
   4.89642
  12.58339
 866.68765
 126.35549
 572.80530
1118.47232
 698.89775
1064.10181
 792.05914
1455.64733
 470.19550
 286.92573
   3.82598
  88.76101
 294.46536
 365.10056
 503.96149
 262.40516
 472.70555
 631.80113
 474.11184
 378.06628
 643.76261
  11.64534
 509.53992
 159.19842
 231.34087
 156.15661
 741.91110
1147.84910
1488.53575
 116.38132
 122.13418
  90.33462
 197.75461
  98.67258
 548.00034
 132.27021
 125.30921
  43.65011
 445.23694
1052.45524
 184.63264
 408.99118
1775.34583
 201.78608
 799.44259
  36.93186
  79.33555
 227.29143
 262.79697
  48.62187
  83.61481
  29.68972
 580.06511
 174.22673
 152.11146
 854.26651
 868.27901
 437.23264
 130.93628
  53.85863
 734.03545
 441.37823
 244.26036
 123.31391
 372.10043
 195.91519
 187.44085
 332.16418
 544.42178
2380.52435
  26.66128
 238.43178
 191.48065
 913.27771
 186.26628
 481.88069
 931.39943
   9.49826
1117.15629
 253.47090
 867.77365
  91.38537
  28.12557
 185.45011
 471.14244
 521.62968
 428.44454
  71.33131
1088.47662
 505.91650
  73.42908
 786.54190
 860.88862
  71.93998
  74.06269
 401.66477
 483.68428
 532.27945
 275.01623
 119.33236
 112.06339
  46.26814
 703.22581
1071.77210
  39.82992
 314.58296
1172.38437
1043.51771
 467.21207
  36.29417
 566.03746
  97.69963
  88.64526
 195.72701
 589.87167
 217.76691
 331.07013
 577.58631
 658.61912
 500.15719
 667.21995
 263.47098
 278.26598
 331.96607
1112.02185
1042.55037
 266.79788
 104.92036
  48.25901
 350.21836
  13.74703
 397.29316
 787.12836
 850.49588
 255.67827
 346.16345
  14.17760
   8.29234
  32.70835
 394.17876
 815.92390
1041.10140
 489.45210
 733.28641
  24.92282
 666.74925
1299.95925
 216.55567
2035.47304
 697.07123
  88.18399
 312.18950
 720.00150
 921.63278
 483.36681
 507.82661
 267.84457
  68.21349
 116.06380
1012.71277
  96.07826
 564.94935
  49.00431
 227.61890
 568.24799
  45.21713
 571.19100
 329.64400
 154.68300
1430.40790
 592.26030
  46.62839
  97.77784
 196.68829
 322.76912
  21.54445
 196.33366
  27.14637
 209.98309
  75.61291
  25.83755
1151.19225
2469.38429
 170.67573
  53.30051
 489.29767
1608.72973
 116.83645
  14.54586
 109.80097
 815.73745
1174.98336
 248.02997
1197.34363
 700.95870
 196.65377
 317.93020
 279.29131
1036.22139
1143.41344
 631.11251
 398.89546
 650.46670
  32.54501
  86.37253
 813.86242
 192.77376
  80.00372
   7.99450
 342.55102
 151.15463
 688.75157
 244.01021
 200.68709
 495.30263
  46.59095
 692.79047
 192.06438
3849.19631
 411.19632
 253.64007
 340.18625
1869.17920
 230.78555
 491.44108
   1.50508
  60.51111
 231.23060
 867.34113
 578.75452
1067.97731
1233.32976
 804.75002
1705.43054
 432.91285
 995.30974
 247.71649
 156.99238
 207.19935
 539.47457
 143.59000
 182.17199
1206.69788
 173.28547
 656.70600
  33.58012
 282.26561
1035.69069
1232.25497
 407.32869
 970.26779
 920.27042
 121.32155
1101.17505
 193.77192
 798.88710
 221.99017
  19.98680
  38.24851
 201.86175
 137.48743
1204.80744
  56.07056
  85.64441
 533.59607
  29.32099
 113.45602
 574.77340
 382.69643
 579.68539
 228.57871
  40.61565
  24.34055
 447.37067
 137.45847
 736.07684
 600.68502
 390.16436
 187.69029
  47.47871
  13.17544
 304.39657
 542.10061
  18.90710
1026.50765
 220.35948
 506.69806
 435.41118
 207.76288
 394.12787
 420.66086
 472.70935
 244.54391
 451.76188
 283.30713
 144.59237
1137.62586
 593.46841
1395.50017
 248.48876
 958.35018
1759.50450
 642.67680
 258.29797
  90.84602
 207.82068
 123.43421
  86.33875
 664.86890
 208.03917
 254.21161
  15.34951
 149.51203
  17.92160
 410.67269
 637.96645
 305.92876
 697.16319
  87.22866
 568.57662
 241.40386
  22.67636
 606.07669
 563.06107
 398.00265
 351.05813
   4.24482
  77.88383
 275.53093
1872.74240
 484.08447
  61.93329
 257.69088
 190.81428
 999.59954
 118.66701
  36.42607
 111.07513
 944.91492
 119.15296
 194.13569
 971.62242
  29.08520
 621.36307
 107.15887
1410.83841
 143.97122
 402.50423
 580.60210
 514.62087
 590.19436
 993.10551
  13.88023
 107.53257
 186.75057
 857.48899
 153.85135
 779.16987
1644.78842
 196.43557
 889.40512
 518.52330
 676.59947
 865.57954
  62.25497
  84.79632
 828.64692
 356.66740
 461.65727
 861.97279
   1.54821
 532.23178
 465.01957
1035.74423
 308.61776
1206.91938
1468.55865
 871.84460
1836.66548
 966.38434
1452.27807
 332.46363
2652.21294
 344.41333
 151.18320
 285.08927
 318.88508
 929.16454
 384.18978
1402.56671
2041.71098
 792.83143
  10.62453
 282.83942
 194.27867
 650.44130
  52.99411
 261.92588
  49.28584
1319.99886
 837.21290
 222.67917
  41.52283
 455.55876
  58.64390
  21.21428
 281.10079
  35.37282
  38.36036
 837.73969
 590.63200
  44.18710
 524.83219
 643.03840
 624.24892
 426.28412
 534.21400
 800.41007
 195.76252
 870.24200
 178.31385
 487.62439
 183.03807
 384.42810
 603.81668
  33.47653
 541.85666
 262.09569
 735.13529
  23.21556
1321.52084
 446.06706
 851.61177
 971.66620
 294.49384
 776.51435
 994.95374
 253.59142
2740.54679
  76.46220
 304.04209
 143.00903
 517.25373
1086.31315
 576.74717
 467.34767
 226.38502
 494.30914
 270.35189
 218.18193
  35.63547
  21.14685
 122.67507
 389.89226
 238.60705
 272.54993
1244.27325
 411.33524
  71.47269
2277.17263
1102.76687
 113.99499
  39.40299
 634.61593
  24.60526
1321.40692
 396.49779
 615.75101
 130.90570
  90.85436
1454.59068
  35.62969
  10.03264
 600.85226
 138.91170
  13.16539
 961.29041
 250.49335
 493.50335
 160.29487
 327.76916
  90.95531
1417.49860
 376.93248
 797.33936
  82.69811
1588.13885
  82.37497
 258.60230
 272.61699
 120.77683
  21.17759
 469.20718
  58.60143
 521.25280
 463.39277
 500.71424
 506.59034
 119.43327
 195.32979
  57.41349
 293.29899
 378.47871
 263.37288
 303.56977
 140.23940
  28.95864
 162.77414
 224.58787
  71.78005
 472.90490
  31.84289
 160.96896
 740.32523
  38.16652
 572.57892
 827.78584
 762.68095
1769.67514
 334.94247
  88.00320
1878.83388
 938.86225
 345.59042
  13.24941
 266.81927
 315.48689
 500.07046
2293.17154
 127.90168
 213.96092
  84.33618
 168.92182
2029.75986
 417.03773
 643.83015
 409.10137
 630.78385
  60.56102
  96.33114
1241.94537
 503.39395
  90.77539
 335.43310
 784.49348
 218.12442
 465.04078
  74.80464
1329.70651
 214.41059
 669.62510
 177.09621
  64.73324
  90.11745
  70.88166
 695.40246
  87.84425
1612.57264
 200.09243
 850.05415
 109.76119
 120.41770
   9.02080
  28.33176
 680.37883
 523.80447
 465.24596
1278.66819
 435.09646
1022.46579
  19.73845
 815.12314
 242.67819
 130.29001
2197.52675
1123.45467
 763.81273
 145.21068
 777.64659
 246.70103
 376.22670
1358.57858
 265.71151
 853.26729
 456.69243
  81.14881
  63.32911
 142.32759
1038.66368
 112.25298
 226.41838
 255.83899
 527.01085
  85.15495
1272.14639
 131.17899
 948.82189
  23.65402
 183.93769
 491.37063
 353.73366
 228.41756
 416.38024
 659.05634
 150.38923
 193.72800
1067.86109
 409.61687
 342.49844
  13.03142
 295.08039
   4.35237
 317.59683
  19.21336
 484.05576
 793.15617
 264.36063
  69.17043
  33.17821
 115.21148
1898.48152
 233.86048
 410.45207
 250.65668
 103.12876
 573.30691
 515.47591
 261.34147
 540.94673
 575.44377
 912.65563
 475.89625
 313.97156
 101.81233
1328.43645
   1.64148
 287.38301
  10.72971
 189.17317
 393.68164
 123.76682
1381.90937
 105.36038
  66.03349
 368.72866
 341.36909
 118.51267
 433.87122
  14.42698
 553.65951
1168.54705
 264.05803
1868.93648
 512.64107
  78.07422
 488.44193
 444.57302
1840.89932
 192.28363
2029.08454
 313.75170
  87.60614
1648.73153
1994.77593
  73.61869
 510.60008
 297.20121
  87.09270
1010.02151
1341.47835
 363.92038
  37.69101
  14.56150
 198.59737
   4.19014
2119.75564
 615.72754
 199.14777
  35.63416
 643.68836
 410.62075
1216.38607
 121.76074
  36.68074
1310.75672
  27.52482
 335.80123
 205.30030
 545.26698
  52.39117
 897.77457
1648.37079
 161.33328
 488.66997
 900.62261
 171.15446
  30.29684
 656.58789
 166.54744
 603.75115
 300.63133
  25.25058
 292.45506
 195.61025
 809.09203
  56.06012
  77.81619
  67.23443
 648.14709
 137.12379
 834.15485
 460.81370
  30.22839
 310.30253
 258.76980
 333.01592
1280.37411
 412.23111
 360.98510
  82.61700
 194.07264
 229.43939
 150.30133
 315.02620
   1.54609
2106.60599
  22.29865
  12.48888
 422.97706
 108.71115
1512.90455
 219.21805
 169.60102
  12.67307
1012.61294
1154.74370
 391.81023
 321.95881
 623.45494
  28.91289
1341.95864
  83.73573
  52.87600
1331.74198
 710.56362
  26.80146
 294.41379
 281.60193
1335.64317
1242.72637
 751.47672
 291.83951
 343.86123
 255.05326
 442.85133
  70.37445
 789.16415
1132.90896
 186.13927
 561.30090
 288.26837
 265.63739
 173.30780
 330.93711
  36.10597
 276.70419
 277.01161
1320.30885
1521.15805
1283.60690
 546.74453
  32.50740
1264.56930
 610.64660
   8.92408
1173.18980
 862.30313
 266.27376
 366.69383
 422.01543
 374.84026
 482.87105
  67.66506
 381.58491
 201.28774
  74.05179
 205.32104
  80.79328
  97.75120
 905.99432
1102.14087
 304.06704
1158.76392
1308.76128
 259.02171
1184.23833
1600.40354
 152.70461
 179.15531
 222.58326
 138.28562
  43.58618
1027.77910
 103.48581
 463.02661
 136.85160
 709.66178
 929.35566
  63.27324
 369.49360
  86.59758
 876.97518
  11.25176
 202.58061
 185.84157
 652.63583
  30.10292
  69.81372
 495.46272
1672.42211
   6.92307
 685.65102
 655.79732
 791.34811
  66.55033
1125.51077
 641.94874
   7.76283
  70.90650
 537.11585
 207.03204
 355.47722
 789.57228
 380.41259
 395.97097
1604.89919
1298.86610
 811.87293
 585.82635
 477.75049
1597.66221
 275.75240
 310.82563
 292.98439
 138.10041
1221.27741
 195.93482
 473.19645
 230.61630
  57.22598
 214.05049
1576.54952
 563.67133
1109.87589
 513.38321
  28.03756
 267.90597
  33.04874
 470.47662
  40.21642
 710.29311
 372.97865
 579.16304
 303.86949
1644.21308
 663.67198
2060.41079
 509.24861
1097.32426
1326.30215
1744.96021
  71.91777
 673.77009
 340.58184
 121.62633
  93.96827
1439.56499
 878.74673
 191.88605
 843.13633
 477.22994
1045.21748
 239.68617
1144.94336
 644.60025
 960.44327
 279.55744
 282.21188
 105.14564
 692.26386
 639.34828
 329.72208
  18.65764
 795.14771
  99.40214
 105.28048
 784.34293
  70.05170
 310.96545
 808.03775
1729.78645
1095.84356
 497.77649
  52.33822
  79.80791
 181.38965
1651.51566
 525.89387
 287.41903
 723.36049
  13.44627
 715.25375
 501.40931
  91.12206
 557.27400
 734.26188
 936.89687
 128.39448
 442.52492
 121.75049
  99.86019
  90.31229
 418.23164
 645.29253
 860.26748
 262.34980
 107.69454
 796.87878
 592.28506
  37.92172
 405.45961
 546.60461
 338.26226
 514.61058
 159.66324
1420.01024
 917.46201
1290.34202
  11.01729
  40.70700
1885.75115
1066.62358
 637.88083
 210.94110
 522.86422
 216.89596
 305.90974
 307.19289
 285.14696
  67.00156
  22.65787
 310.99107
 506.11074
1008.95234
 303.85905
 429.26390
 296.48913
 246.46950
 467.11803
 468.12457
 172.66468
  58.94414
 655.67089
 735.70986
 512.20533
 755.52383
 133.52400
 546.28285
 335.57182
 269.25820
 751.34769
 732.22637
2321.52496
 985.63916
 304.77597
  68.64105
 112.89636
 663.48326
 897.34915
  86.88058
 805.05988
 190.96100
  21.73455
 157.44665
 142.96431
 173.38415
 352.76633
 174.06425
 532.61275
 366.31062
 408.88476
 597.90634
 374.76816
   1.65822
 827.43203
 354.83256
 223.33608
1209.39789
 220.33350
 463.08771
 684.29180
 730.14621
 665.56172
 235.81688
 624.90615
 193.75193
 161.93741
1108.21858
 530.86015
1046.88630
 284.53809
 466.49621
 919.97299
 202.03410
 146.83452
1485.30859
 460.33284
  34.55336
  89.53089
 257.92576
 224.90592
 199.96854
 217.79971
1407.92833
   8.06790
 163.50027
 421.74157
 371.69169
 675.42929
 362.92564
 620.53917
 889.16488
 106.10448
 284.68460
1050.88293
 123.91594
 113.80964
  62.11935
 101.56800
 370.25080
 336.20082
 420.72735
  77.55727
 286.98245
 274.60654
 328.07397
 540.27404
 256.08047
  29.52461
1352.94560
 544.85527
 590.85539
 485.95073
 230.38680
 881.52289
 324.84285
 374.47483
 419.36858
 480.43099
1578.06435
 231.48329
  34.72140
 414.10787
 153.58734
1181.15022
 929.32676
 632.68659
 609.48599
  12.33328
  51.67784
1023.04142
 761.07323
  37.28298
 515.80082
3051.55533
 482.65550
 828.11697
 564.81331
  25.22934
1157.98911
 351.18007
1600.69669
 254.45309
 241.54873
 536.19742
 323.40834
 547.65506
 758.91291
  21.77551
  28.57309
 159.23010
 389.99690
1175.49118
1175.57436
  34.66320
 734.83247
1145.20772
2384.97905
1983.20040
 209.87833
1446.30884
 552.69141
  72.15767
 847.01703
 370.24171
1038.79318
  12.36452
 127.40069
 852.01840
 150.99817
  99.21830
 315.90415
 208.41561
 419.22747
1819.02006
 467.01433
   5.96304
 593.07285
 220.12881
 160.98828
 376.66778
1777.47036
 300.13784
 229.91680
1154.05143
 265.78950
 109.14352
 845.52593
 336.23575
 935.05293
  90.01954
 243.70951
  63.70234
  97.97260
 218.69121
 611.04687
1092.87953
 648.62976
 111.26532
 184.67331
 108.98992
 141.84210
 486.03663
 171.60832
 611.53171
 638.15521
 207.15979
 415.98299
 374.12494
 348.68187
 118.20574
1415.70057
 405.11474
 186.89523
 266.51822
 439.31164
 425.33269
 197.81201
  59.87175
 368.37483
 186.21275
 321.23972
  35.95182
1410.74789
  74.48643
 316.98890
 220.33748
 429.02262
  20.82466
 485.15690
3770.94309
1378.56126
 125.37430
  75.63222
 132.71812
1011.15876
1391.76254
 117.22567
 315.33132
 256.98822
 292.06594
 613.92508
 343.84606
 261.62532
  12.16038
  39.11893
3135.90335
 822.43857
 787.37538
1089.50847
1272.37715
 621.23540
 550.30093
 996.14316
 159.43587
 715.23344
 707.74626
1524.44697
1293.42265
 262.79992
  30.10985
 855.22282
1531.15415
  38.75037
1289.40059
 417.21297
 911.49797
 155.57402
 229.95180
 322.80077
 283.14041
  16.59578
 340.84650
  15.52694
1961.22658
 210.54687
 958.53787
 197.64025
 308.60623
 570.61724
 349.71615
 126.39880
 944.07948
 839.29484
 394.50274
 295.26460
 851.37927
 235.76761
   1.45720
 277.14218
 597.14631
1558.49227
 666.61112
  31.13829
 227.57117
 347.83624
  69.01745
 110.82039
 673.82300
1296.00614
 436.90718
 691.92324
 120.87897
 116.15012
 263.81052
 403.38884
 830.32961
 649.94755
 666.95498
 103.99997
 271.10531
 321.84866
 175.11888
 554.59479
 162.90149
 214.90600
 124.06633
 398.23000
1239.37118
 938.08223
 271.63614
 125.16663
 748.82706
1207.32407
 879.59916
 654.37518
 393.24330
 207.33943
 326.22373
 459.98477
2061.79514
  68.07157
 684.66488
1032.93798
  35.81682
 533.22713
 513.14522
  69.30083
 451.51883
 759.30241
 468.56727
1108.46064
 323.58390
 974.57550
  81.93933
 288.56041
 392.24862
  27.02574
  99.21709
  77.37596
 184.52556
 182.99059
 609.69123
 865.18471
  58.30241
 327.46456
 241.00624
 430.46035
 293.64439
   9.43518
 192.04875
  11.61805
 274.54409
   5.40019
 144.21110
  96.20616
 603.65742
  61.37347
  45.09386
1589.62755
1430.82666
  30.54873
2330.83691
 683.40394
 115.89436
1349.85460
1394.93236
 207.48407
  80.89555
   4.40673
  67.82609
 401.38679
 174.33050
1307.24722
   6.51642
2664.92973
 826.18668
  75.87221
 289.76085
  29.03863
 192.93200
 379.52302
 405.93955
 619.74981
 220.67614
  69.22121
 458.37872
  34.49356
  80.95658
 724.43644
 733.93316
  22.98899
 111.57756
 271.40947
 893.15706
 505.08148
1056.76345
3061.19597
2252.49095
 141.38440
 187.36190
  27.26894
 430.59626
 400.66741
 603.04637
 652.04610
 910.70950
   6.06396
1228.83134
 814.65776
 407.44710
 370.29097
 263.77879
  92.37285
 180.78809
 460.17399
1182.60434
 599.63978
 409.44406
 297.91001
   0.73088
  35.59044
 643.65533
 801.99366
 803.21137
 195.52697
 294.22512
 177.99244
 188.93576
 965.22704
  89.23308
  70.29317
 116.47445
 256.85398
 139.05346
 369.76237
  53.94806
 832.88264
 158.18214
 963.41871
 143.59939
  10.26548
 557.94136
 160.82344
 598.40058
 744.52874
 943.96298
  88.99325
 606.59940
 276.74470
 877.12280
 659.10847
 433.70474
  62.96429
 282.84075
 154.90222
 670.30793
 474.66267
 748.63730
 251.53631
 396.23905
 127.42191
 265.49213
  73.39473
  78.27314
 289.86039
  15.66115
   9.62187
 683.61799
 265.51520
 125.53686
 323.84679
 102.84295
 870.17869
 103.25252
 481.06150
 256.13334
  91.52573
 410.68649
1445.94126
  64.60128
 257.02999
 464.40338
 544.98044
  81.27484
 202.42648
1359.29527
 647.66421
  62.84502
1760.14032
 757.22331
 799.39436
 308.58501
 992.93902
   9.04271
  87.37728
 715.96150
 477.01673
1479.53291
  16.58970
 535.45089
  87.23167
 582.28056
 335.43070
 313.74806
 839.34723
 363.13161
 288.85446
  44.02498
 482.73759
 207.99150
 793.33904
1020.09004
  23.83990
1406.26872
 543.46479
1014.58871
  86.86044
 674.28491
 452.24818
 112.97450
 178.93075
 700.35338
 678.92894
1889.28356
  19.29354
  99.95663
 131.59754
 372.98124
   8.16767
 263.78217
  85.54548
 169.11875
 872.86955
  37.20100
 831.48972
 721.96127
1227.34113
1834.22605
 320.57671
 676.17073
  24.79370
 234.39345
 513.26547
 108.82784
 374.32469
 259.89308
 578.50316
 357.12081
 461.84446
 114.81224
  18.01846
2313.38026
 659.46964
 577.52240
 673.74108
 813.66435
 303.32424
  21.99364
 273.39121
 183.48350
 640.02964
 171.20986
 124.15802
 525.19097
 226.11818
 618.94190
 918.64938
  49.07243
 477.58234
 997.49012
 166.68136
  46.53725
 433.20433
  80.60842
  58.47951
 128.66576
   7.53580
 275.52946
  54.75696
 248.96968
  34.41334
  11.21467
  62.66459
 494.60686
 460.43740
 347.51723
 113.60093
 951.24365
1069.60606
   5.41241
 496.25025
 175.45608
1556.25620
 712.68511
 439.58544
   5.38765
  43.21118
 403.40431
 484.66134
  41.23536
 184.46864
 477.00489
 566.58753
 704.95838
   6.06565
  70.77409
 368.66242
 461.11238
 116.68715
   9.91835
  98.35094
  23.16564
 236.71484
  34.03357
 148.28180
 177.00504
  17.63982
 366.27546
 779.51499
  50.01921
1024.98389
 699.36054
 951.12091
1395.19186
 173.05050
   4.74522
 867.94858
1675.47278
  18.03353
 772.26737
 405.94638
 353.64279
 205.66042
 368.92704
  85.09547
 858.33057
 569.24506
 681.61261
1085.88252
 130.78405
2086.02681
 164.03249
 195.39200
 457.76422
  67.95942
  43.68752
1049.42825
 806.14159
 137.80520
 166.58023
 802.83016
  55.53801
 497.01835
 151.97887
 798.10060
2131.54306
1493.53301
 222.10735
2085.16667
 155.94712
 358.56150
 798.26659
 228.84203
 300.65446
 239.26363
 483.47374
 673.69692
 212.21873
 684.29670
  48.22548
1875.13659
 146.65032
1258.22898
 597.79054
 130.45661
 855.86631
 508.55963
 161.13048
 416.08984
 292.71301
 583.82479
 501.77203
  70.06118
 288.39505
  26.82419
2387.80271
 427.60922
 823.22823
1730.02427
 382.39633
  35.35128
 267.69797
 407.03397
 140.35524
 606.89024
  48.43334
1133.89925
1109.91926
 153.44449
1011.72539
 325.36332
 322.87011
 190.74448
 363.57239
 337.64256
 395.28774
 643.46972
 353.43984
  34.49596
 246.69486
 120.91944
1147.47950
 370.23449
 513.56738
 344.01453
 334.94088
 130.45537
  27.04805
1223.00066
 463.42664
 143.54615
 303.05935
  65.66643
 146.86631
 120.80988
 393.72161
  91.38970
 722.30703
 271.30194
  40.75868
  26.31062
 790.81029
 907.05673
1122.78392
 888.16217
 567.69717
1599.65535
3242.77744
1571.21213
 184.39707
 164.09677
 141.91004
 488.57154
  85.60732
1427.44782
 428.45855
 196.97873
  30.97111
 611.05900
 104.07159
 620.32582
 631.48063
1127.20869
 116.58818
1078.03210
 275.72185
 263.64354
 192.23620
 934.71254
 567.33100
 562.50660
 126.74222
1269.02223
 141.88819
 599.68685
 663.76403
 690.46686
 221.84268
 253.12843
 830.30485
 190.75269
 213.92497
 106.42748
