37360.95272
40672.79200
426410.08670
455633.50954
128455.68800
99993.09704
103464.81040
223218.87713
193650.09240
14185.51678
82090.65339
175467.75761
235143.64352
79826.57483
3688.67108
42444.34463
565128.64991
107946.86445
241254.77256
28027.81985
235694.77973
118874.72777
26352.50074
397835.60803
423948.79973
238411.45581
169562.07464
245647.03731
63475.74742
94362.06710
202114.44473
33715.72139
15231.35023
85279.12680
1856.72545
117103.81168
402509.20746
228919.86062
60508.84649
56586.98614
141857.68655
356003.41581
171583.65366
77656.84998
256709.01524
150192.56350
543677.26539
68311.44855
66670.16617
65859.38654
64290.60134
252943.57314
148403.74821
50074.99650
614929.49263
305866.74000
57985.98505
546085.15225
1253937.57634
350679.61892
231522.17594
45393.68014
121441.98554
15479.86873
69298.56171
200368.09968
409765.80240
45128.74960
7917.52832
48446.15589
134862.24699
554126.67577
612492.84668
197090.09318
7120.97750
193535.94359
903092.63490
137458.01677
104142.52797
822153.43081
67900.50572
218202.72111
3939.50541
790816.09762
15438.96150
64608.26689
219243.96690
440423.69927
299337.25296
187191.84701
96018.42808
167236.36735
179825.64519
502762.30752
294734.88555
114668.71869
122019.07083
183663.89028
2278.32470
28526.01526
194402.19567
76454.24196
110509.58011
261221.03766
12098.95616
377353.42602
10427.95608
151456.93105
367092.10466
123213.26394
521259.09146
22529.67234
184288.10458
36734.59622
25629.08265
500472.32313
242725.25187
60307.51817
26530.22598
130723.23087
116104.03638
112173.59244
441383.42087
181093.47276
67055.01583
273280.14308
206177.05555
310417.75239
359484.47433
278612.68468
238091.34158
234256.21481
405498.12858
205700.44116
132711.96224
58828.35159
1608.28061
46491.18756
133765.71020
848481.22525
475570.96296
10034.74554
250523.38400
94341.43806
90330.17489
81684.95049
101545.98997
86557.20709
29674.89858
141247.81552
73859.61974
24805.02234
93757.50962
98080.39133
72337.87946
222694.12039
1018043.71427
134525.62602
148224.05090
375366.51234
224645.82410
160634.52319
362445.46520
35622.73245
212412.86896
326427.43673
287691.74933
168336.13057
15299.58420
119411.37201
334225.96058
 466.98483
191153.82055
384505.80072
15971.26907
19862.26831
73169.61266
78648.75844
 747.92457
49620.85873
32702.68514
45335.99792
53267.58298
52768.53911
392501.20477
595600.67938
1044376.87647
191236.99454
154356.77508
151123.40149
656437.01414
80937.43824
43643.84349
120053.80405
58473.98183
96778.99654
640287.83543
55413.39742
660972.37194
12988.22362
289196.06959
15219.49996
46119.86615
288146.44266
119317.44294
135408.62797
779441.64964
201401.24167
390966.50428
383104.93947
229882.95502
63550.96045
386846.02925
194903.08704
1101582.77677
196644.69578
454012.79102
191988.35210
34485.04432
199461.33394
301111.57707
342835.88507
55624.92685
362235.18041
150558.66389
226852.21349
219357.25202
246843.45248
489381.58694
66890.23503
41390.66760
133338.02519
375493.30217
42771.73682
425300.44838
4501.89530
20628.83673
88256.40160
58923.45359
13556.51737
106643.25152
149923.13517
246166.39749
328213.15657
126162.19692
3716.41505
48795.97872
448036.38417
418490.40044
96001.71779
153531.60178
79155.52181
6036.47340
332818.67251
149508.24420
9765.04185
181911.76975
330974.14021
21353.94433
568206.18501
11616.01874
79949.40916
243576.74288
206160.37523
18693.57667
160695.04979
183772.69398
15525.56458
47752.58116
38271.96428
44374.19683
194521.40019
4468.79534
544659.21995
30618.25000
87516.95837
6988.31046
187871.54156
656561.55123
297655.09043
333458.39191
343703.48809
32152.66872
282798.08444
421150.75810
78410.66892
448297.64355
95996.68961
15706.23147
214183.18626
76106.04152
56001.00406
462195.85227
51405.31757
123471.98311
83118.08565
35466.23566
172005.58894
304313.70942
 108.71127
17923.77890
25898.10392
221503.38726
148417.24466
214010.89714
150715.19552
189667.02206
87064.59310
190111.56880
120838.60959
943378.19402
53394.72731
75489.67139
36126.32837
9111.52804
5845.81813
230599.71903
121227.53997
44515.94412
559996.48407
 499.43375
191840.21060
748548.72386
233785.82161
230083.93832
9830.25983
324523.45875
209340.17119
77558.14079
316737.83656
131944.07788
43785.28429
119691.68160
26383.68750
281601.15970
29796.46429
167191.14142
173930.99688
807947.85903
57655.33944
26739.99254
14537.20237
697643.85549
78141.54856
272529.28175
259004.99178
12378.33580
107594.79423
27143.43771
141846.87596
358514.31499
300280.14272
142895.75069
249022.02786
188910.26922
29493.62724
86665.10975
38470.85577
55773.45964
191434.54973
74823.49308
69645.93969
98516.80922
307278.96943
31293.09307
159466.52236
14081.98784
7287.66986
801909.11879
358026.05806
71348.22407
66076.49288
50789.30148
270784.50310
14886.70556
256198.72955
252652.41837
169629.34323
259990.52915
445440.96134
416734.21741
27141.30426
108213.65347
8863.02759
58195.09692
67111.51905
53607.30595
111251.63767
123724.66393
99182.33441
43539.54398
401375.98985
24715.96481
54750.57684
70097.15205
193054.14486
20698.33224
27692.99430
142105.61450
311293.80675
190627.00843
261762.37405
82016.72912
22544.39394
18894.75754
443280.99146
16802.99261
1291905.09974
14397.38688
161630.69269
386052.16343
19714.72933
348103.15620
167906.31113
167154.31085
49611.95267
108946.06889
527423.42658
58293.85832
254163.66021
208063.22564
91918.07464
494129.76630
527015.05233
205763.04709
28705.63155
62007.11790
20498.74639
37010.94505
380456.55108
13748.91707
52839.14537
241284.31206
293044.47623
149928.93696
409861.67994
 320.68386
1229022.98385
32548.98239
142999.57017
14729.34732
566522.27490
64389.24025
54189.26969
27979.25807
90937.31247
1973.17085
158037.51872
138229.95206
180194.82623
241460.76848
34946.18684
14061.64933
31248.94287
73676.83063
173048.28767
380844.66246
77043.65684
19123.69505
411753.27230
77139.36306
153775.08636
66274.85030
265335.55479
526994.09267
75593.60656
517362.72525
98132.49705
347319.45646
114325.42186
113096.93809
308983.86061
283515.48852
40458.24834
120858.76772
176700.43416
598059.68045
132536.84475
486790.48670
418093.32331
96711.09058
100909.77872
60937.75027
271390.56514
230122.09617
67433.38004
81927.09524
739358.75541
201031.08959
103173.86454
3447.11187
240607.23949
62356.33848
531438.00908
339132.84014
24091.20101
73126.10718
109917.96040
97539.25338
240164.16837
34909.19577
438372.38052
30089.16975
55643.03464
8455.42711
451890.33888
473221.87995
136924.58389
9396.68945
15292.25508
420727.13521
21561.96176
130973.75064
23941.71623
219236.19762
421072.21885
116997.59363
114085.36972
147899.09577
353037.52519
51748.34378
278347.02030
457605.95981
419093.19139
80906.73908
107032.26473
90288.10277
27404.19448
16820.83139
106599.31752
302966.21314
165435.84652
201984.24090
53462.09228
77056.77678
673345.24607
195368.83538
175701.50112
228908.74980
129126.13880
79964.28608
34926.95127
178040.22697
91205.77994
133660.31954
138515.55655
242550.15355
928738.18076
155685.05843
47900.56528
66632.91820
165194.15990
377616.66434
261233.83970
116106.07948
93138.55924
111765.07452
595969.31915
198620.16108
27804.58641
102511.96756
117340.23773
147215.37985
235156.90489
172288.03425
80966.01540
97598.77469
585024.43030
153483.51622
96228.94051
100346.66111
98981.25744
58631.77520
317764.24162
51845.97201
643847.58794
63049.52323
318764.03703
119050.26073
35057.37484
143434.64942
89100.69012
45346.80223
366876.82762
202672.35110
22824.53792
162118.12281
54537.72305
16319.09518
76411.44990
664938.29683
121341.34479
3233.22217
66531.10924
440967.78865
20925.70663
417189.42988
97707.22566
297470.28264
41717.17931
199588.58477
428562.71831
372961.01417
313328.81547
244559.62607
31864.74137
196387.52771
92477.50915
153390.67969
39334.38390
40529.21624
96917.49975
54313.36542
122374.73344
67007.15960
59526.85737
80621.04289
361942.36178
3602.67445
43200.32926
176380.83823
288293.70703
879842.33154
20625.36247
416429.20464
692683.02580
218269.42258
39166.35494
318420.29086
34729.44456
138601.72404
588978.05747
69234.96174
378001.39296
20341.75671
227246.32952
109857.48853
62054.89305
769440.74924
33103.75299
437824.35496
192059.44350
601530.61121
819565.03967
142256.30457
93310.21036
30002.53369
81398.99012
45696.60592
411856.14536
275854.28765
12947.82910
86764.09747
92894.06545
27835.11988
201794.64192
94841.39149
147007.85945
164371.10995
250265.71132
90140.13379
68795.59745
128232.90365
34014.46691
106887.28190
16345.50872
2512.35317
351461.01700
201895.78845
51509.50877
282948.69857
258372.21425
147055.91594
30322.31335
143016.42445
106555.34607
115349.07031
437285.08720
24655.96358
373978.65661
269351.12284
132948.24754
312253.74916
4632.78529
60734.54909
173061.49953
327825.99559
109535.48826
98909.76561
145907.48860
434969.89291
291687.24392
130913.21094
277889.71165
50299.07464
434898.78909
1971.17652
6277.57137
146189.04227
115562.88704
29090.06356
27516.80065
86946.44098
87769.24410
20162.14260
681619.85299
234267.59419
191862.24395
53209.18300
238792.03117
491012.07743
34575.08872
96828.43917
588021.05663
357089.21319
9966.62040
28054.48042
102259.40194
265723.97890
333779.21183
125464.40786
15238.10354
83440.19312
10040.43445
112223.34434
58488.84145
39641.67441
49768.88629
577091.10115
109493.70467
81275.19672
8521.62084
213206.15220
79932.03954
24183.83280
705181.33025
182947.42892
211209.01024
261108.00658
201564.45377
209841.81294
91971.45012
200233.30546
223983.44326
252238.37515
142546.93461
4850.39111
204473.23508
228522.62994
108564.69995
299156.15430
236178.01455
12296.02498
45750.69279
21106.49292
138776.73810
204421.87512
129387.54742
10265.54828
176966.10237
176379.90409
15059.11132
 879.86466
22731.63411
218685.09911
39019.45772
304499.22651
137891.31813
43445.31173
108532.47869
406563.45271
223505.41847
486951.87571
149573.34879
63952.70166
37204.94002
71377.13821
417314.92409
66870.51874
193777.18614
24771.03333
16546.19919
87511.79720
35509.35678
58707.86975
65598.51914
8045.25116
929092.96211
107825.00093
174704.90241
498939.66093
215756.22189
376175.59834
19424.53031
107853.85165
302904.92612
173248.57765
30524.93579
325908.01681
127372.49917
38853.48073
38963.71352
37801.07376
19702.23943
176704.49781
28984.89116
87456.03309
268731.89262
559235.51573
493272.58765
366200.73066
9393.97100
110101.00291
66823.43046
268536.53064
50241.07267
929201.05206
784730.95847
6495.89714
41306.61377
 214.43279
147837.19808
17032.80330
200983.52107
98453.64828
108267.23907
799895.50794
222507.14211
34218.73875
205696.07549
544746.18909
34405.28929
401384.34303
32676.80419
32393.22221
441810.37263
132631.03769
236711.93049
170487.06693
495237.30626
92162.59011
19924.66327
47845.17924
41261.50119
9230.18136
28212.38358
306441.69838
250316.07136
8567.25758
338973.16130
158509.45984
726247.05649
470141.56974
152427.82620
47789.52117
47987.17584
291089.86351
783318.98230
227957.19270
227434.59707
194911.18133
244614.16955
58573.52165
94465.59896
197618.05699
180602.19116
131564.34392
91874.75714
15818.16357
59696.90663
288511.56924
217699.68606
61939.77916
382156.28004
11313.04210
84154.22944
19304.36208
20395.33829
131357.79011
71392.63393
651327.97018
69260.87677
251278.65312
90137.25954
541043.97270
59348.80188
315892.31635
49116.62596
226725.84144
274700.36569
19996.04344
65962.66588
42980.81178
730965.28916
2730.99926
111031.27328
47310.41872
89835.06329
928769.51899
13132.13191
471772.15691
132781.34564
577506.45118
187944.98819
68428.71319
461605.17884
239081.26473
47873.92343
369538.58490
38362.24612
56403.30299
29030.93445
43934.64589
6143.28677
44408.33071
99214.18734
111841.99649
276040.02804
99650.75978
108545.34052
81548.95394
104398.24629
222230.76424
184651.37413
23174.55657
175873.81727
199162.62838
45773.95278
89681.83881
24498.30129
81959.61921
61009.65464
35532.51800
16761.80120
101232.32303
183321.82822
51595.75844
102710.64252
398124.11138
209582.91305
17045.50718
53457.60698
128449.46464
152167.90384
12921.64509
13621.84711
337509.05745
731042.62564
1095119.39218
194194.50444
352282.24007
330788.14458
 878.11229
92885.76001
613861.27248
63078.56292
96176.97969
126120.24799
20897.58045
179556.98014
269535.54169
68847.28810
339296.11212
32357.65929
259589.14281
14317.79996
51483.36257
101552.38606
20346.89829
93434.76329
156600.33249
102367.53905
33578.60281
112509.52912
228512.06299
127859.26542
231837.68732
478530.43960
119462.31212
4274.20081
211458.78936
67074.44739
165166.96179
188129.39656
297311.76490
369277.98976
103133.42201
154729.30040
48481.73230
392854.66039
140909.62422
441704.27037
55108.37529
6096.07721
222251.05794
47688.19530
95065.22234
76556.71016
80933.88405
936693.83851
101291.19550
145129.72372
21791.58844
24963.54352
130866.66962
741912.02040
4926.14237
348467.08777
185079.52258
15805.65954
282407.17862
185708.64469
60953.76152
215940.66765
333361.65837
25078.72108
26978.49726
192672.70024
298061.75110
40078.98590
477293.56061
23775.49532
214130.52867
489764.51823
111251.22382
199698.79338
111502.96781
56455.20162
627453.21431
231897.54716
24733.72120
93219.24207
337344.54967
83388.91939
87981.63158
548399.10239
270805.25654
219733.60788
229703.42644
34649.74920
8343.16539
282230.15397
13742.87331
161060.59198
105809.95096
219083.71292
15298.29221
57498.93614
12806.74310
39420.45270
147771.13980
632829.66724
142763.00680
62839.58680
20936.62453
491592.78528
216818.28504
247782.80611
633977.26951
294583.47028
108500.72651
110982.32674
417843.54460
181433.70043
2573.09460
133148.24957
21932.47657
340178.13532
125242.27274
264414.89769
263702.98655
67806.20599
235090.87851
116975.61824
323916.08091
350966.66590
285114.86887
67412.46072
111308.98376
11203.15621
306089.75486
74215.11170
311960.00231
5650.60661
361118.98444
53213.83485
184952.66880
35560.69567
109624.46171
177467.86566
259525.00303
82569.55080
37082.04858
273382.42791
447127.49391
55377.55036
274564.66768
364979.34359
128851.76833
103691.80426
413374.91339
366423.83477
37355.06860
507227.98058
179573.18062
21201.38440
703939.94484
200421.99817
147108.00788
81170.08704
174447.87087
146410.27959
1031920.07059
172885.15372
345148.78965
459888.53033
249546.06180
4244.64440
308930.90092
130623.24548
12781.47950
31940.06721
5812.76718
238596.38890
 863.15202
58297.54890
481219.68029
663221.46720
14950.11047
358117.88217
291240.72634
113277.12455
118508.27894
147959.23069
18675.34000
294622.26589
237466.11358
41864.09202
2826.16321
169176.49178
81340.73175
 442.76071
86955.94733
391831.68348
163194.81609
7641.01807
59630.65381
111029.23652
20914.28274
276099.46004
349343.06643
34055.35596
262083.54232
77196.86557
488665.66883
62356.88110
390015.21364
928886.95337
821135.21263
10567.41113
162611.49556
6222.28529
199659.16269
447011.67394
129508.63604
297798.03214
543816.88142
115553.53087
232388.43414
43555.98948
3715.12687
175119.28228
133952.81455
27875.78141
98586.18561
12817.38030
358465.92086
120930.02749
214089.57601
457504.72604
17773.08800
125173.39568
578087.14034
11635.91801
60137.24113
64735.92894
21160.49926
219896.40849
75181.54119
505302.56991
177385.62093
194139.20055
293501.75159
252911.49227
271473.97711
207994.54299
106719.26418
446416.19593
52416.45233
85543.32476
111816.28454
174744.34450
103484.25947
109299.24434
235898.24550
31367.92958
914539.18541
317648.69753
138705.60118
177697.27897
  53.95953
46723.70419
92402.27894
12175.65200
434790.27772
226034.00320
54624.88433
82508.07706
8251.88713
24205.31539
222001.56957
4172.97216
6550.79885
305314.03285
23494.57749
29485.53000
86905.12284
18075.39796
181684.71674
100621.18692
76957.47417
202696.47073
390553.16372
318477.96233
327632.20310
57426.25576
55397.87562
24878.71943
6451.59041
213102.71762
495971.91131
76006.31021
121584.75149
402930.77137
288257.66461
613101.68043
10576.03060
168263.38357
361273.20075
226323.16025
86515.33956
157147.44364
18457.76570
118561.88533
89707.23617
721130.75262
138696.44690
737017.35257
116433.27924
250506.94771
547436.98723
65126.33690
254426.98195
499536.80101
149741.19511
29716.23800
166544.73254
125110.38834
55952.04636
318716.76486
22036.16119
621057.81472
118723.83891
391079.73099
134523.08081
9286.85792
605415.22945
71229.39862
19596.79742
26586.74633
154665.55797
71909.47994
411281.46182
27699.91989
15802.38698
78009.59239
11221.58988
420060.92421
92228.03653
492801.86407
587622.96702
104755.38523
711479.83278
172414.53254
375103.61994
567409.18606
19129.46594
131534.17276
219898.87224
162280.87047
63150.28795
295449.57198
294832.42878
397179.61030
177624.61317
265819.84477
85392.62535
25765.26138
86524.62867
226248.45198
47967.91473
115394.87057
384243.26854
83452.92740
310639.45730
113364.50398
21170.29098
77624.16571
282564.51308
81742.28224
458310.41174
459549.98967
24251.11277
940590.01757
541853.74464
22368.20166
325284.81415
19735.92427
65710.59139
171983.13039
97430.24248
171576.87605
342035.93378
126847.48037
15824.66136
635787.70134
125456.42323
205720.33472
270983.77761
373290.93526
110369.36456
250637.11637
51332.07551
154264.84798
33551.11193
252422.79651
185978.30173
242146.93960
25701.50734
142164.93996
215813.97873
43310.46061
99719.43219
46390.60238
20023.99215
216355.65149
131515.74273
10926.72170
284685.52120
68731.39583
18664.07178
753093.77595
45388.72096
1022129.34248
285459.30896
384727.88008
4289.80299
4000.09908
14618.60278
50169.97804
2509.60040
82397.50955
201793.43960
77268.26320
219111.08177
112207.57631
101727.87115
364107.45739
108824.91926
570461.41441
17126.47930
500904.69531
30039.90719
185170.66319
500519.65408
26443.87884
91679.68796
359955.40879
157038.63463
120740.94434
42155.35426
109132.93190
353638.86331
44665.65235
10136.07223
3145.75871
93403.65720
16870.97767
337615.51322
7829.94160
108936.23059
67891.35243
34906.97083
522854.65987
152950.87549
231124.88136
13959.27629
7301.01618
277813.93392
440109.99857
38354.02679
197427.99333
192681.78372
237888.46927
35105.37997
20592.50437
63879.10200
107582.74786
510784.72306
13177.68970
121757.51395
396912.67928
391126.97464
152612.49514
21732.81037
277445.32012
420307.74348
145016.00046
205999.74892
306903.37522
101926.11618
935528.46310
239883.60798
414745.33918
117458.63461
72517.06439
6205.55782
253849.22868
242964.90840
1327465.98567
229490.93879
54048.89266
6675.66689
310143.76246
117461.66209
160617.16453
89683.98526
447129.36545
716223.81617
32335.49007
72297.27312
127767.48943
81615.99507
275330.70137
39794.05727
242802.08616
148316.41873
142192.52620
64848.87319
21302.04043
501336.65363
299930.34091
43424.19565
479185.48581
 490.44465
180152.02265
371276.91381
125595.11001
155484.53363
245315.47980
255198.44334
146070.73677
145469.87098
328769.96439
10967.72916
256287.03523
44695.79645
308703.11060
248800.43867
171269.22896
2729.52543
250023.01774
243322.66423
189935.31086
437191.08986
201472.13804
434890.41722
212901.72565
230522.11653
17845.74094
63719.54413
203426.39598
182014.37818
320729.11461
27937.14905
21293.49055
2270.57961
369349.47825
142350.65538
83142.02168
23168.76599
6347.88569
102939.99370
50956.61532
174828.55687
89221.23401
434747.28865
459240.59017
106102.45675
223352.75243
293832.48240
66059.08385
36478.75133
81849.46163
244170.40047
50037.03335
221351.29489
6091.12037
6115.49357
187918.62641
518962.41162
77908.04511
30399.96615
80525.04763
98251.77002
201676.21303
66506.61386
82032.00181
35992.44735
92416.63492
51670.17634
280237.08049
6274.93694
5839.02627
 265.76561
244614.38191
141706.16813
75815.05046
79840.32038
170911.30674
192666.86830
293913.15513
29768.94458
5498.31892
51783.43263
120122.70098
211493.91244
571522.72620
668043.73983
308098.85967
8549.68430
486099.02374
105938.08624
204251.92722
69531.92541
79273.71776
115755.54475
1379.89524
68321.20754
174800.15742
70965.25544
71990.07501
328045.04840
220815.93304
248350.50340
553273.44596
373896.63790
40276.45766
184881.21838
161461.69654
79037.12886
3356.76606
26378.51064
179957.48908
64895.62162
262932.17141
27392.12399
847595.73289
284305.79503
32335.11801
33140.42334
262334.35952
290881.68367
156975.39906
271091.71478
125615.54465
448647.61854
95253.96661
661714.57462
325421.97044
302442.99985
15713.88295
86065.57525
1242085.90621
173615.19852
37318.19913
307120.09529
122667.48292
399891.98346
59188.20049
147653.69091
651191.23000
241267.78476
174617.55764
44562.83750
5981.11646
427664.74782
95363.97341
157046.84023
117036.51987
512555.88036
814677.12311
128142.13193
346071.10736
68640.91419
93490.34425
130084.20621
80399.80517
31150.23396
114789.33345
43342.10430
430541.92709
37435.22560
286514.61983
25026.81011
62320.19246
56125.36755
90024.26849
5504.31734
373932.50469
302623.57345
164616.40574
406446.03326
69396.03675
266274.65034
47867.88599
329974.59163
594808.91048
514534.03891
13912.57866
16776.07918
75312.64088
90307.05382
232927.97966
8914.89758
357959.58093
273253.87842
43742.71764
168282.44931
136486.43258
169804.33912
250422.15945
369022.61784
368851.62118
443021.96316
315669.55325
305362.34278
115644.19024
9851.25141
3236.83058
113501.21716
35745.90630
375651.31988
210287.54940
418217.46029
248864.23566
91946.33673
143714.36407
386471.58507
152374.56264
24697.55133
83776.39599
253339.88465
342288.03062
811813.79818
175419.19516
123212.12755
16784.22008
38296.29294
21203.47059
45516.82944
404493.85960
83736.54108
561041.27161
18116.32651
56031.08837
398877.76120
122488.62258
34622.77383
149999.76183
84248.99319
38009.82791
241031.25312
227447.80508
105464.88733
131219.89824
364553.70818
138018.13851
430447.53621
72919.35635
242012.66360
69432.33828
179639.21423
675571.97076
53114.27159
799799.91453
47931.38013
499544.53537
177022.04634
22479.87475
118739.17227
13021.44773
165952.53829
154563.39233
305607.40875
547337.03440
104442.31184
809564.76093
57543.46983
311634.36389
7106.72562
218709.87711
84275.25570
123999.15364
35807.25523
863793.68946
391059.02816
375473.59464
310896.46682
235876.62224
885429.93226
13827.92954
123999.08975
315867.79184
371567.18765
479593.83704
436735.44392
19177.30906
322398.23825
89766.94310
1376.40744
25438.96774
10095.00563
99796.76103
243661.39912
47682.03839
597054.31791
73264.32931
84030.33576
73630.10394
10988.32677
470736.18984
92063.72303
28484.70677
52219.91544
38576.89451
511567.86280
38050.57638
37858.63594
151174.76727
53960.14909
169457.73149
51825.08926
139976.59554
138315.22968
155401.33393
39297.23748
 955.97035
70532.19632
811452.66805
128115.84601
370615.05885
310489.75967
63269.08084
171741.19755
230589.78567
112299.44118
109268.31599
590069.22195
511667.44792
37836.24453
96324.61207
286291.17179
3823.87778
89986.69117
143359.84918
62778.50474
287140.53611
63746.14570
23069.95427
295216.29594
231371.30745
619191.78972
160307.01627
144525.99098
527887.39471
584510.89674
81285.12106
18143.61419
465945.70813
266344.33229
93737.83109
413783.33631
44341.82331
192545.82531
285967.96286
231593.63029
309814.35885
23734.26393
187654.76664
49380.36045
213582.94288
61983.52473
100101.78078
98954.96266
124574.14571
134141.66900
255636.79779
103376.61956
100709.11228
94720.68715
127575.69827
628466.69377
298697.24729
105185.09301
177335.25692
166504.94505
84855.53747
46564.33073
685672.98321
9996.90778
109717.02973
97938.53891
147460.08421
2788.99747
41116.18814
99736.68085
649070.51456
2382.15730
144467.54368
70596.53792
307141.48727
537859.46816
360920.96317
3247.38386
152611.72611
16905.01375
409952.38201
132961.21991
22914.44556
65543.71412
124911.89407
150548.38276
258627.88245
124976.12370
105789.96007
112970.76280
320541.50050
580684.98368
424882.09867
15395.62011
43659.23398
112835.45245
333077.92352
18686.97941
579160.68240
522913.81629
331502.07153
182398.78859
97505.46224
269604.81202
291783.64629
96927.70302
84819.81737
42245.37816
86196.75739
98679.97312
131790.08422
37360.32820
153675.46307
111600.92017
134295.42407
1194929.29851
85431.73065
333913.91878
161034.33811
68456.80119
48952.17375
20517.93668
252837.46134
28722.43815
351922.31723
70768.14248
157389.07594
97700.56990
51841.98827
268147.90476
181669.67935
412724.74801
393242.83156
297271.08771
450695.74614
90952.19646
203864.92541
95388.88960
25827.39273
7573.13234
11659.94466
73479.83428
58608.48307
136375.75557
14500.85286
643750.44017
35618.28248
367172.67284
161911.30031
51392.38925
55638.65002
60815.64725
11005.49288
197477.72900
561381.88386
281473.76910
146341.74360
103121.46332
203727.58193
210549.71153
166040.67308
69219.28123
355815.91364
119143.88375
70266.06470
198061.96295
322954.70042
252674.23876
80580.69398
123631.47885
356246.15061
89042.19088
361044.73103
89393.75788
477251.33994
393885.19352
98455.65673
33044.99828
120279.21708
36336.32375
74415.33376
243455.20182
175927.71627
94447.80436
97341.01188
283596.38758
7884.80993
75080.45320
148260.10456
108015.05744
 216.66428
241147.46025
8453.84439
139317.71974
265243.93345
513170.37865
1024789.20255
574098.57511
91780.60040
134403.97388
17594.20418
737444.66087
301672.71521
109489.53633
131925.90220
6652.00367
52732.62487
78063.51316
41799.23112
1140127.27016
495269.08875
201444.02917
605385.78586
1609.01294
391355.43243
312070.26483
141818.07987
42769.05849
73292.32882
105632.63942
209567.67755
215918.26046
278841.79387
158320.09075
284269.16622
197247.41960
88529.04905
230291.65843
129152.21347
206440.68247
26763.12557
1212847.72369
56729.61217
127914.38596
39003.16638
120681.57201
66076.00122
266190.98015
72306.68697
221113.22636
88460.41353
79800.06039
578937.98612
45618.46520
75368.47790
13359.25711
128401.97503
49306.55361
9503.37020
41089.29729
16575.18994
191196.48841
102585.20264
111108.16824
62517.77012
201589.01814
64867.03719
114825.66523
125091.74428
82123.82359
123461.61057
124391.84287
540817.80554
458518.01319
52543.56652
2057.71475
6266.21284
85702.31539
335255.22734
87251.06096
308978.28138
93821.62620
25750.35992
20620.38202
249866.60325
71008.53180
562469.55245
71108.40376
214541.69794
199073.90859
50484.30572
250447.49115
30218.55720
142997.81380
42844.52403
177535.14539
46739.61705
1300.70937
373972.54179
208965.66466
33542.17205
37542.19040
120757.64747
250859.78567
102788.81906
96312.77490
224834.36662
8719.31982
161452.06167
501212.68493
99646.07760
97070.34896
613657.54045
70095.38132
319343.22777
642533.26618
82045.31839
521792.84164
38127.66100
71723.12495
116722.59901
13295.17506
132549.12497
66241.98913
215363.98625
23492.00548
602467.60935
169972.98530
559910.75308
41528.25923
45361.56570
666397.10816
129346.37457
38768.20266
381241.40174
72904.14750
46009.27129
67420.83124
158516.93598
96457.50852
4158.81168
9592.91529
181418.97584
199658.44193
566159.98386
436415.46466
207580.28663
99914.27287
6073.87748
157920.46659
6427.98524
277739.80762
26083.75598
390586.31572
55692.82067
370889.09351
31961.68681
138795.37623
267185.14500
177170.93833
105645.67007
47613.82731
462357.23343
403751.99554
88914.14689
8952.08513
991592.83717
435762.63743
151613.51534
15890.74950
77361.99600
111959.95335
109668.08817
78209.43869
1101944.94399
40706.66780
614020.07220
230554.54302
48070.99632
1686.58498
127954.51260
481268.07717
34834.68207
7423.78452
154806.96630
617125.39869
1279768.40409
62559.08114
66844.95690
19582.47544
5223.60392
120609.97239
504395.93864
123984.47720
9232.64629
17427.16651
190358.20912
10046.10615
15125.45658
216104.39354
69254.72080
76593.14398
18417.25619
29183.50561
156046.57246
3464.73521
292163.17447
15586.78134
14428.57161
138498.14967
178747.39611
142315.57322
55301.97869
295207.13494
368930.23046
43905.05635
12843.98686
383970.42988
72236.08050
217086.80204
1257.94705
190621.92693
6335.28507
29147.24139
141431.70466
97419.37301
231949.14935
36923.32970
187297.63232
34602.05079
175240.07623
18342.87886
49207.78817
123343.43130
892319.76677
333511.22865
68513.25795
98734.81682
283849.99866
83536.72055
214907.83288
186239.72933
277171.73041
495560.15773
5572.63091
256465.53526
58758.66380
209339.39291
110937.51308
273642.09702
7746.79391
581289.90346
69132.52010
96531.00411
49360.98014
6788.98469
230295.75987
78996.02376
72678.61182
601922.06763
448247.63405
31327.84161
16567.15644
142427.76850
201345.56536
292828.14052
37282.85007
144480.67907
47528.80099
7505.86444
245230.48195
307282.26049
184424.97242
147474.42856
19830.82902
619876.21536
334760.25897
368971.56554
205001.26088
55618.24246
101543.88853
110782.31135
180089.60584
101202.79768
25223.54763
73177.33417
26206.62295
132706.76194
581841.38750
245521.31033
467178.37968
67323.75576
410117.01943
19412.17859
735998.88445
109073.91399
156334.28873
319626.38411
49526.17766
179231.08833
34536.09775
28878.70543
212123.24544
230223.13832
484654.56613
182340.12908
452168.70616
108288.85936
11831.74541
85314.53959
178545.41124
169145.33091
774201.44299
362062.40143
361345.02827
236250.21165
541103.18684
26534.57939
229813.44402
41967.17213
30046.29660
26209.21990
120199.84999
427800.43610
926680.44328
190917.09165
183279.46765
159387.60457
484339.16679
529103.97605
48511.28339
376846.22819
114782.77138
306312.43955
121355.80853
92506.05494
256588.82481
404155.73938
165665.11653
32569.51979
45124.83959
58473.83184
111821.16921
155096.30144
211967.27698
78413.00702
312352.93911
147126.72275
820026.04444
57265.10307
262723.08932
164845.57063
438145.20987
759497.55831
67122.45476
143333.89313
122416.36639
169934.58968
376729.77558
175761.98441
307504.82016
11931.11264
248475.00649
127512.40188
75916.46142
622476.94451
23864.31972
1316715.54062
435722.71161
424247.23930
83764.28417
152291.23742
284059.36006
374053.55049
79307.58874
19016.32271
31194.47794
46274.49671
201086.80805
114007.67768
113632.76863
666773.48926
143905.83215
175533.88721
380821.74853
73769.93725
10756.46198
143207.34602
825542.51470
145093.71957
377204.26060
102014.10833
29294.25849
47019.34478
95810.22615
84411.26054
194027.54674
959632.43567
186061.29331
84546.11596
312072.97486
273483.67215
290540.72522
308191.19360
27643.39854
427255.07317
266867.13626
310660.46940
169318.26173
153511.95900
674362.13823
257316.46321
200974.11741
56439.07705
121851.42917
451852.09802
334055.47138
644672.94566
420745.50911
70452.79832
316604.56919
170066.36944
241526.34252
183862.05847
189109.91015
105001.02070
608131.30148
12272.71858
133198.19870
123601.51474
150367.34278
57007.99454
17977.62853
132585.76922
155726.58208
252211.34270
20304.20823
280789.54384
199589.15734
4249.95068
363752.05555
186974.99704
236777.71955
57019.65898
234295.91295
226226.40792
135633.59996
634263.03645
49305.57149
115644.47259
162328.45199
97300.73346
123843.49704
22881.01528
330505.92576
443154.65808
10455.67391
58605.73261
92008.42121
601171.30244
115432.67534
5565.03408
7172.03890
61210.34104
396542.59107
55628.34698
35979.24446
241043.64953
152545.36120
222106.28869
43595.45365
239207.08349
99376.37611
80180.98683
163034.12072
8521.35770
255968.11430
159267.13730
239453.64289
239497.24348
328703.50353
285494.74841
74024.49872
57981.61945
246536.53759
109452.34870
546124.82557
156096.74583
20009.16894
230877.24302
55189.70711
193678.93067
417137.63759
96608.25412
383518.28842
40623.08740
169516.45420
8766.09334
124113.38228
18346.19568
578234.85209
78424.64874
208379.40570
122251.42867
335633.14378
419422.12881
146801.63645
129988.33164
10999.47161
210313.88724
153667.65588
587468.33813
9675.71458
222034.41521
41894.25880
54419.55265
63531.76238
252684.13068
32582.18455
613931.02271
102470.69016
53867.04977
119318.54269
230628.54649
18619.09917
47649.16500
443489.60466
113093.13706
35274.91930
91013.92939
310724.64131
200970.61718
68499.61193
34609.31116
7106.96145
560329.57823
214611.46085
581935.08532
107342.34576
12064.38320
55839.11275
490514.43071
299125.21409
98630.13777
578052.86185
199751.74199
224805.59643
53010.70840
236217.54996
256203.05551
21345.77280
52023.29645
240020.50871
195279.32015
43373.16881
83161.01694
949763.44654
54756.47092
98901.34680
172572.34644
748096.19559
182086.55313
80803.38749
193135.51287
767691.86668
64606.28487
626827.09536
241558.31726
180219.19885
66172.62180
123107.77350
182318.77445
237870.44483
256507.35160
267105.91971
361749.56084
858711.00551
94246.59515
130824.80520
323634.67116
65447.64547
93270.58233
116651.42109
147633.42701
638036.66708
1028.08955
6094.26081
240861.39891
97304.59186
326312.47064
264546.60275
26126.89211
45948.55657
750264.91369
149925.64404
161906.94848
84608.73558
21837.66741
4776.01066
863059.53680
64731.70580
70770.60064
52537.47832
27868.67819
136864.86085
30224.70945
42018.64485
216640.98572
375672.71541
147061.38008
18976.74533
197934.32204
68004.92883
38738.60045
185771.41601
152858.55543
116359.64192
2533.28688
110822.34824
318041.32362
311358.27621
22066.05297
33636.82216
101576.17085
1067180.79044
66036.98905
236240.40540
572898.06633
255402.95239
125831.34919
383830.83197
103872.90488
67460.51274
88357.59664
136816.81792
106516.92091
278817.05925
297939.56636
48923.71582
18978.86991
110107.20606
132614.49217
20277.54768
167829.43575
127216.37833
170527.13347
215052.20183
5900.24470
565742.67885
322052.04306
155223.93470
16006.84180
387634.87270
283324.20924
40302.53220
287859.71146
195586.83481
125079.10907
14908.01113
183547.78783
166820.74201
292550.13401
170943.99952
235648.22448
13856.63768
56531.35328
139854.52980
250768.81055
169035.81245
245623.50499
661701.26630
218896.90768
218879.54116
567592.55896
146811.03915
74858.55845
429396.32035
90722.18645
55378.05345
47559.46852
41735.43221
62810.37089
80345.07340
 947.87840
268754.33228
111709.38943
571343.68875
186268.45092
266276.62830
503750.00729
57115.97697
271420.24437
155586.84512
95380.44183
391944.47235
63608.85938
215988.68424
850483.07187
15221.80099
286726.60384
23236.67811
27269.93704
58625.40468
95969.10781
96219.28708
643450.48260
202127.14369
152019.79163
180389.05322
95403.62581
319760.98632
373052.02060
43494.40431
307396.77400
528456.65713
68102.36235
687922.07041
677257.41145
230247.02652
507515.11425
283177.07443
32678.87231
19075.60152
276386.76660
39191.97933
412657.83959
112055.33819
26278.65377
110161.86288
9579.88020
350570.02827
339410.13833
479725.22503
89279.41906
201535.35982
94099.77550
15614.77668
48024.04859
77635.11701
106612.34602
219432.92074
32475.30840
134813.44579
82326.22276
122714.19393
263639.02405
158747.01458
12555.21172
354797.41690
271257.45226
1349342.81384
336501.99684
414040.19989
55604.53903
545229.82285
292381.09822
117536.81415
178004.12998
129193.08250
47518.58062
93591.36318
113283.12993
62334.83524
55379.72563
99917.28135
175660.44890
90397.40164
161047.08264
12503.63899
36654.53027
265227.82303
227021.40014
441977.20549
80357.99009
121310.71197
377348.05074
529249.81334
218757.87888
159660.47488
88517.16780
233001.36844
248691.85305
102580.44143
463864.37309
71572.40926
13237.80446
2316.36687
257078.52693
226584.92770
368335.85086
64089.58145
395133.65898
48400.61594
272764.95582
12046.70733
129146.81588
42578.35720
146039.24334
75979.56601
2436.60407
380261.85912
60265.74237
365585.71788
1593811.50789
296869.18342
942836.89512
127057.66240
44766.10363
35014.80112
236239.40617
121302.01717
146564.92352
400449.46849
11856.24752
537609.24452
422369.80412
201923.73793
456360.24851
220310.57815
576384.93137
33332.04320
131295.80425
43389.39717
11824.97642
46580.46962
404236.95690
156265.33892
42153.19664
7818.95380
108158.55033
137307.33486
97300.18825
200182.52917
284484.34116
53206.37458
192909.80022
57667.90079
95325.48467
471764.43858
67851.94648
119888.16469
221557.91723
169386.60500
87148.52398
104237.51010
174303.85222
63596.07058
64302.18050
108762.81524
131129.53948
322177.65544
3915.58266
526458.71848
136459.46808
14857.07523
50483.39416
255495.28471
26767.22047
7757.03645
389254.62110
86808.33990
208821.42587
242095.13730
91799.21108
80790.16540
299280.22194
54146.14161
17580.20814
407915.55942
16361.89290
18701.13547
56781.85912
90941.27194
285225.80705
183346.32068
352571.86894
232377.70138
96969.58611
5574.35999
29361.76592
279144.18867
61290.24334
311783.82169
107090.30214
35405.74674
258217.92513
16385.53467
379061.55471
255858.70517
110721.05713
626234.28215
285706.53471
344329.98591
199111.06708
332650.80387
361862.36738
347152.86771
671510.50946
291729.73795
220232.43093
2858.93284
254060.97993
65521.90912
613010.44105
329649.02306
92662.72864
154475.20097
74291.48344
85399.74327
273298.15587
39321.13764
202258.16534
354868.17003
149793.13341
91376.71676
42652.59040
194760.26060
12173.64115
562672.57358
120427.08719
26225.40942
103323.89388
104551.88586
47435.81044
367240.66478
7194.22135
517262.95651
285120.11896
73743.11020
7137.15452
381753.66119
20958.42034
154619.44193
357417.50736
141117.93457
82621.22077
586261.86011
538891.28796
625506.63750
464297.22016
420201.38298
122348.37270
28824.05434
272167.37647
58525.27779
37549.29239
184636.05167
612607.33822
172850.10359
 114.49650
203497.43494
5728.67720
65309.49524
159970.63167
79721.26309
72186.03399
26615.53286
69432.93670
157857.72242
590433.56675
128266.51575
287502.87849
312846.56645
26645.47608
10360.67146
174755.39968
78250.07980
5921.50943
184015.57533
1150.62749
89363.28775
308084.73779
423849.57495
509180.61148
67576.30981
202131.31563
54896.97839
97918.06098
230978.27569
414741.90962
229079.10240
15952.54859
262214.06453
513368.93591
185112.48335
153952.84292
783643.90156
35058.54175
315675.41446
108858.88217
331399.36275
70795.69348
257620.88997
114737.21628
28819.49581
7720.07629
237124.02025
96303.30768
61045.56141
86138.61294
34733.78751
234963.42435
46512.36375
79381.17904
18855.43794
7005.09347
154115.81053
265792.39753
54376.75707
181672.33533
21441.00196
342899.06486
214061.60426
126812.71393
13063.00353
99828.59246
754065.16774
63849.42432
10418.30342
157684.92603
333834.00184
113247.74987
228604.51830
129188.68231
256923.44950
292221.21443
108717.12687
1241040.83185
8323.14248
251172.17007
66215.90929
29032.14929
247340.78881
387687.80522
1077.54261
477785.75728
423406.73380
36101.18627
3158.89355
265555.79100
69550.63243
1026635.50731
155082.00230
552673.87803
190897.45723
29111.34243
137418.07659
161636.50430
119435.18802
184774.30646
417393.22332
15613.68486
28220.94930
338686.62464
123128.86038
162796.52535
10607.74405
7292.79714
364525.06883
164821.26828
 988.05252
162173.85763
233887.95778
381242.29599
7474.87009
200017.04421
250440.88044
3227.38053
410430.16682
20336.55365
326415.18246
49113.51184
164163.71437
267205.30036
15236.79023
91703.72890
214935.22357
35699.44120
79684.97471
685536.55553
454507.20784
462445.05285
244829.90435
561474.50203
13139.68574
65299.44117
70414.97431
32929.95976
174798.19167
41806.69043
165930.77014
420444.86111
38616.16597
13123.15209
7602.91895
61999.65628
25229.92930
413773.11360
254572.47812
35734.83265
86655.75538
351698.89686
38259.77984
17537.89732
439902.83954
214544.54096
 559.11556
96861.42568
65012.53673
125148.48358
38959.07208
12739.62975
127315.01500
28413.54627
173855.62672
36375.90093
43216.92672
680574.02386
177283.60599
214127.95559
55577.83120
196898.88298
1955.39500
128757.39572
215834.84439
125666.98436
51396.91869
211479.36433
14264.49988
2205.99009
51178.65727
432488.41881
147748.23655
125917.30558
17046.71291
75234.51586
31958.01909
72946.66649
35078.31248
89770.60634
49992.47499
87832.42344
100940.16563
182065.02238
90705.20778
47139.46374
157812.28043
176196.09821
523800.24029
1048742.56435
732006.43115
1959.51461
240941.68509
347477.11078
482516.23102
101351.25067
18964.16248
16262.75053
58039.85505
566200.69445
87573.23985
26460.30709
173505.48167
22861.18969
188413.64426
106201.71844
511847.40347
16584.59755
202743.44007
106467.32425
52588.18983
45512.81906
196364.91081
311546.38379
262314.10665
231677.86324
1450.00081
59494.38521
23868.80830
2547.82509
155439.86948
103661.36475
27611.95172
45555.59955
17322.41616
52180.37987
117955.37633
181830.23818
129705.35171
170123.59137
170830.83916
1798.14361
24409.79583
307186.45948
250949.15426
595208.55668
50930.01494
28466.01207
288002.58092
36477.47915
4429.23407
31836.59187
324259.78335
173950.07743
269197.31325
44049.04482
140689.49340
359909.14980
222301.39711
32983.95277
221501.45855
218093.72365
20224.09489
39204.99023
232416.79405
835464.56013
26174.94182
244452.96463
189060.72036
159486.84656
30718.03032
496912.81621
32812.48298
120819.80321
14358.35868
7911.09397
11593.26348
274340.10096
1568.61304
447831.83056
170427.84995
164717.48613
272317.46016
75869.63651
19023.74752
123902.60928
37739.39771
403254.83140
156674.12655
777837.32157
107861.79243
326357.93220
85379.94933
296147.44418
169315.83035
65467.36319
56277.51276
144323.72986
90465.93867
357835.13916
8022.95856
137909.49039
279389.07339
329469.96802
83543.15492
104599.57712
114871.84321
347218.83351
107817.81236
31797.74512
155327.25529
312235.80261
468153.24638
166880.53689
21134.65860
411089.22234
226977.22083
92604.97314
575102.51028
102346.27155
222020.83486
420837.53937
13588.20371
24811.99713
348193.83770
166878.35538
79794.43387
211541.26115
511686.72170
225098.25255
76146.64051
252510.43089
261995.01192
93815.89998
487451.53007
597215.70835
174417.69289
66276.97480
13207.49900
43154.64124
200701.00089
45706.96191
14834.05651
122426.18344
124320.66908
33544.20127
138882.24766
376756.06038
258593.11977
100620.71970
98916.44160
26852.60246
81784.07229
417834.88211
11390.04593
158716.58693
87538.63413
541720.73280
155460.76883
452393.57664
  28.79144
318601.96596
287480.43347
275150.81254
52382.00425
22635.65487
244115.74352
53337.06927
152629.14719
449512.56909
103721.62852
193481.13334
74761.73229
49350.40018
92380.62763
146100.76309
5262.89348
231159.28000
30486.09411
39230.13875
35165.82526
123151.62496
23224.85471
1000.71221
159957.01369
171488.70299
168422.08532
804439.49409
163594.71895
108304.52117
436968.69107
87438.55301
273019.69956
162325.89690
23842.83890
195084.45549
88184.70804
3070.65060
6686.88281
171840.71855
133649.41651
14302.37893
1258733.93016
237183.57695
380424.55651
235284.18485
220319.79871
185718.82869
282077.63773
129077.96458
206435.46522
74719.44805
166471.86981
718174.70057
57836.97703
59641.85296
53080.94465
373974.49117
68960.25470
45425.27765
161327.38438
72804.11027
50263.65757
601103.44739
218991.71792
3674.11944
5731.00894
315685.44479
363608.32861
325879.89081
148675.04392
191987.92631
176743.86554
24999.14366
116865.72319
198336.78651
36404.01429
198712.11665
613835.30942
66770.26414
73404.65532
243317.78586
3597.30873
359506.61143
154381.03046
175051.39065
203322.82235
29687.53349
73140.28224
106828.82122
128627.86177
35824.98739
103760.62117
428828.27074
164643.23329
79320.01066
84627.32430
51450.56968
351891.09985
79780.43044
60549.90775
171995.72530
1162115.87278
248660.93057
12074.40734
25145.75431
121016.25306
97728.81858
153799.33016
78950.72193
1504.94392
95498.65948
46692.98664
291663.29657
159166.64982
103041.95025
11671.98406
37095.03148
84363.97728
61055.71898
110720.29081
41110.60657
147359.27030
177981.85440
123818.35380
1126822.91995
201709.84968
184340.70137
36402.41847
484415.44536
166279.89621
42720.54775
127074.52130
103050.78009
272074.17353
58074.16137
45048.26554
384340.74357
20074.45161
1610480.22403
92729.14560
509568.91548
272963.14265
493083.11075
7711.93161
62740.84666
96336.23530
226730.72267
90316.98414
629267.71897
14523.83815
715329.67773
137292.05523
44086.03745
354034.86272
94509.39536
147546.49920
307820.93779
72982.43179
146653.68210
159785.45327
471682.33018
16706.28387
656321.04813
2228.70019
38376.17551
276410.61429
97296.69447
41588.21307
407199.98947
79211.64865
31661.13872
83687.74768
234032.16275
237644.45129
107667.08534
44532.32255
974714.47184
330609.83845
50341.42530
83479.01144
342225.67477
382145.01862
257957.37872
113690.82290
199007.74812
104356.79989
11913.80768
145665.05023
100611.80888
181804.00764
143270.64918
129775.60673
216826.19119
21541.12827
47541.76757
111876.15457
336069.01702
86792.68551
61122.82313
173924.05826
144431.02049
87793.31176
38915.39537
591923.21358
76797.19388
123568.06271
416976.09852
219555.31591
156180.57497
176345.45980
206778.51004
80739.90714
76281.56481
65816.65672
106682.48632
90877.86731
39677.26862
17269.08687
444282.40189
385766.21901
221386.18130
85320.04951
316252.95616
313498.48053
227665.98217
83883.26875
311480.00420
394557.06343
245972.25570
194004.44643
718539.36247
42051.24644
55681.43229
309661.51832
149965.56796
12934.71441
450972.33280
194409.10969
198626.82020
34220.70317
145177.84132
121048.83575
35762.41935
169888.39010
61358.11404
167216.92753
57344.09723
219237.11836
46005.11716
366780.67634
127212.58500
212245.82000
31276.07929
339996.28565
4608.22001
325415.84608
309652.23844
652358.50357
72485.85675
295003.56540
33779.72723
318005.96510
452233.63407
78550.04884
479830.62068
46908.55275
179123.88173
249354.40985
610219.43228
147460.22403
133244.13133
58325.67786
86883.82534
394620.44519
553667.57478
959710.83121
156477.86512
44821.10471
32469.93389
50467.60787
93595.33197
100365.94505
61573.61817
330289.37937
680411.96089
262828.82153
89801.72462
5351.24416
350421.13688
111134.26134
45377.69889
47647.94530
51089.86555
459622.73317
300219.14514
335586.12146
241844.41979
501048.19920
175748.42955
19116.11804
234658.28484
125166.25841
5732.22609
109395.67592
154048.87828
272912.98332
213659.58020
34563.99634
245306.11644
75836.90848
244494.02983
37984.38945
485356.50907
210473.04686
81115.39479
379202.31916
166062.89504
319565.37635
288850.42126
72525.65979
97401.01714
126769.17219
307096.51341
75845.92922
122641.93398
283519.28927
57231.97923
296239.56541
292131.03024
31827.48804
104433.51043
468250.07594
4575.77327
221023.61167
37592.85695
215321.85586
348351.64476
475339.95764
67759.20388
117418.08798
115553.22875
497535.77853
170067.98289
387114.12051
493714.07438
117625.21688
6546.37388
780170.63751
155776.27362
224616.25047
1094.45217
140074.03330
263726.08094
67765.10756
7130.66110
285031.08827
2250.14792
24292.53611
141839.48572
75228.78274
142223.55716
85800.27934
325360.17553
22997.33238
893793.29699
179825.56345
2376.33544
156565.37767
136148.31434
167267.18076
48545.59136
61121.86230
39796.60521
434629.64620
138129.29963
105329.24246
174271.37325
154354.60677
378572.46863
65734.25484
159563.88777
148799.70146
151323.04969
10624.72477
16701.75622
133250.10975
209244.77557
281689.75296
34258.79203
112376.89006
170388.65407
339077.70683
32110.65863
11444.57291
69205.25293
21152.63773
360663.97298
168525.36361
151883.91534
106663.29437
477133.71819
63541.77264
153930.89091
46669.46046
136210.09179
296467.15699
200780.67284
77536.16449
46554.83735
79355.63376
180539.70616
277319.90476
18672.63375
62493.65364
14486.78635
130727.44533
91149.85358
42220.16908
27251.55538
223021.64831
37937.20322
156231.04555
104225.37336
284745.57797
76892.69471
252016.52562
375259.44509
76859.64840
649480.98975
315643.27926
132287.97136
20412.38361
825735.49416
214141.42764
260895.22767
35624.14410
665063.77984
103964.94301
807569.50417
167504.57410
129604.81404
962519.66554
3723.47549
20000.43423
121975.72552
99210.81713
177810.86841
330271.62045
145806.59961
113797.39722
45416.31373
15945.33977
35687.29415
407157.65172
214631.93977
202750.85898
886953.34964
287613.17540
42084.21578
187265.12979
410741.79046
500014.57190
612263.45807
119949.77320
156876.23918
718411.23215
8391.23700
4112.91738
90179.36631
68799.96106
159312.03849
88542.60956
249854.63353
5083.99532
457701.16327
101473.46372
46407.93076
48378.36961
559113.10493
101109.30957
62082.93493
67608.71220
403049.63651
375059.57714
112046.64821
32728.94111
96130.74009
509616.42497
26559.09762
147331.74836
438716.15377
15875.63557
91172.55453
305977.69192
4525.67754
135882.67514
515200.21161
304431.09179
520826.45159
94494.53056
61585.80905
475307.56234
148819.33370
402217.22270
526084.67794
54932.34797
236102.73900
91052.63945
131436.12411
432610.12360
7010.53581
742102.12973
35067.73855
171745.91589
562169.47728
108654.76659
134787.73797
62269.27476
156107.64335
23949.80711
230868.12382
2600.77108
657872.67551
33791.41378
369275.38064
54907.87722
333805.97003
67613.80417
269140.70839
272515.99488
212747.96556
58089.71455
71649.90022
71304.65802
124234.25178
285273.67521
29945.69963
118170.19927
162040.26935
205520.35277
505275.99944
221577.45329
46668.52302
43017.87339
1260.15839
279187.95645
259637.88341
105149.98908
57374.63832
37722.19181
23543.32841
211043.49940
145723.76838
207024.46680
278271.23180
452286.73895
101199.11102
53364.38289
453244.74931
261165.44044
329784.43567
456878.86721
22309.19445
69573.87748
20824.79408
153341.33833
104048.31990
13998.17992
35070.80051
444273.18928
217390.30175
624129.99017
6927.68245
72279.34738
88698.47457
194184.42737
182665.47628
179884.29658
125404.14189
258094.67567
71270.15436
439098.99476
87377.47027
64240.29666
51032.59626
177245.19887
86637.19324
461113.98587
184390.50323
60411.20171
296258.75042
88565.12102
92595.08344
5199.54428
6896.32393
34792.43955
42894.63093
53481.67812
272526.30693
179125.96136
48646.43524
342864.98819
184363.88531
103857.32120
351831.25113
76526.05523
181222.15660
314735.52421
107824.21545
24526.11903
287292.43617
207666.54090
55991.47747
15506.42973
307457.34280
555698.79297
227154.27940
78205.00879
423024.25002
327333.66330
327634.88665
3722.13321
34550.77504
654116.27504
1124994.05151
306168.39440
269848.73829
212732.13526
201578.43938
251978.58809
26427.32769
497463.13745
35715.65042
223990.34626
249288.32683
6558.18689
173139.15422
163610.80607
760874.40697
476531.80125
52787.93332
88916.91638
89558.50065
28598.66658
46326.39931
153338.64667
398229.41951
445533.59733
277065.80248
405196.75519
883214.75350
680401.65756
531989.61836
105807.97687
246293.78964
28019.95066
105292.61295
455724.73233
227028.91341
19391.75299
3079.07334
165371.44865
151691.13986
66393.13338
14008.75438
372035.44473
6258.84076
29833.95315
15372.93520
83856.91685
761159.77579
161890.90872
84481.06304
100196.90286
51269.81221
326360.78608
273415.39493
110733.38315
124029.72637
141164.73802
185404.12161
157743.53892
357780.07412
113293.98293
60258.91585
71389.25804
45499.06872
20732.86750
155091.00657
11371.21471
15035.62794
90443.93254
420319.33236
70417.41772
100046.11216
51084.29540
473995.94423
13595.72799
243596.65502
28098.63444
316874.53003
235099.61805
73362.82434
250526.45991
254948.34758
377207.69002
40048.12161
214197.39885
197166.58312
179107.42691
537518.88865
584548.59681
183499.88472
196357.25888
21740.35921
224817.49721
350787.04560
893850.14117
424577.83398
77891.29228
50210.01534
265064.37938
203034.19418
197467.61846
93917.59431
35207.05867
184996.89971
365595.47448
300402.26855
24688.00808
14432.33043
326168.38654
77804.57924
98730.73501
146867.17857
124877.07690
95063.99348
363473.57997
39663.15716
11778.18932
280232.83516
155702.85865
136384.47205
40970.44832
35771.12899
72600.70118
32985.96088
103855.76599
51533.66672
220168.37489
50260.81946
11897.68442
74287.65963
968283.56864
37511.72515
18116.55658
61199.59925
153008.79821
514152.38559
263888.51281
27140.52123
63627.34312
6711.93517
 314.12852
434482.65967
16241.47912
187609.51395
78433.09268
106281.98955
103188.73081
241715.22621
96291.52375
552222.65114
316870.11514
155063.79450
137134.57824
119916.17627
15896.44900
206954.40150
83775.59310
45996.41524
54195.37519
261714.97613
340615.13003
396310.32276
341518.71701
124960.70702
267698.13305
88294.01636
245674.06214
26348.46536
92372.28466
182018.27176
19336.95423
160380.10325
142581.96293
403249.42661
321552.33766
159111.92554
73637.33860
 961.26814
110937.53288
575955.69109
148433.74635
417252.24568
179160.08942
452095.88427
47904.72198
495981.05655
27250.72595
149084.09330
24676.23481
198421.13073
71227.92500
32853.61073
130341.55232
58266.00039
150093.73464
3698.80368
7973.91448
137726.40284
153365.97562
63404.22171
11063.39163
32850.48241
110542.32322
252503.01896
180917.73563
79588.81632
214520.25741
220236.70965
14291.09781
190804.69277
428557.04134
476529.63874
96129.32595
126354.09573
8820.88642
285162.37405
506559.35528
230183.20386
139706.18488
153534.31927
93517.36245
750786.67643
9489.22659
433901.64038
557539.63436
164194.51792
67685.51513
223112.81607
133399.32080
178480.74822
131867.08220
29671.42359
5884.32558
454549.54685
32235.90021
358562.25072
90902.32901
51631.14291
37162.15075
80258.48430
251685.51594
259273.04992
357498.83495
42499.97427
434387.90362
785762.90874
5795.70998
14049.36357
75978.02994
177640.73998
318367.61968
58555.85311
15500.77682
39048.56822
98082.76336
31461.90087
122253.54787
629581.10025
4381.71027
11283.79153
28052.31849
175410.92774
105396.95895
441736.58442
66978.55439
324282.03540
406602.14743
637299.29196
128036.70417
353149.22621
100885.89645
7736.97329
333009.20858
334862.30514
19160.54207
111432.48839
537396.18338
238067.84543
524728.09761
100255.47168
4250.41619
 932.55877
99659.96584
100558.53894
122393.43554
33669.09983
111296.61798
671089.50923
162856.59355
11104.77047
212120.23980
3202.77028
1454.06697
52031.83584
86307.30418
25059.12612
24785.03930
390141.79841
441664.14431
18179.14801
64001.42845
240276.91660
26001.04820
230078.98781
204825.21401
231263.36506
97562.06729
1168233.39025
337768.30679
216208.17800
78497.34100
229522.95182
144567.08842
263285.21987
31751.78237
565882.81149
991699.66178
17200.78033
569480.86903
26689.69521
84305.37545
17127.89835
28053.19999
248177.62181
49040.71247
257998.06069
113200.93692
175005.88837
29965.31893
305729.23141
17561.54708
111200.71791
224938.64549
127513.01835
45302.13045
94013.91981
208365.95328
22361.17769
95249.39775
56294.31869
92481.30479
180045.31986
106947.37286
19181.34181
118623.99109
202009.19678
29235.73453
5705.09778
97907.83535
684489.62574
126562.45555
346478.13856
5685.16805
59528.58889
22638.83744
149059.27805
197420.33413
154310.67797
549203.92829
185939.74382
59376.68094
92806.05755
9401.88858
74159.57932
302045.94298
318356.77094
32309.70926
128724.01225
350052.70422
19963.82530
181581.02412
84466.94644
74422.29725
43841.51639
19730.15110
57967.40834
149839.88182
170005.55208
111947.90847
449002.44844
189498.37281
413649.00474
171458.85479
142970.52239
226754.94429
333106.91431
 659.16757
384129.39757
7589.40769
527559.35620
78264.45715
23183.45586
413850.15148
63645.50908
226507.20625
491063.98648
106524.24249
176942.54922
67532.20246
179456.88476
177717.99042
57290.21127
591480.49108
107250.75916
202171.96166
292238.81318
414290.19993
269835.20189
44903.20114
223377.86901
139010.40582
475294.03044
253000.19130
171718.31747
143575.67977
168925.32429
39628.80586
152072.98533
120420.30457
132442.62398
20894.43491
107028.48118
113541.89992
141950.44698
21490.91054
152738.47923
82631.15939
51934.97900
71900.67995
33269.17504
54800.37312
413517.49149
165873.67813
185397.15380
182967.78474
188297.61884
32279.71008
279837.56808
485839.27322
77990.72080
71124.75751
151673.42519
123616.88452
245770.30476
31379.60309
605080.96524
202951.00119
51886.51308
426671.87759
378734.97418
116738.63793
217831.15789
384124.19966
48918.86253
114465.94300
345005.33872
308460.59285
160342.28196
31862.90658
35165.18429
592593.18569
666295.01429
61444.38433
73705.92184
92694.61483
261321.99038
96731.91351
26841.25848
619429.44196
117357.02069
350394.30498
60155.31521
144171.66528
9870.82320
127280.61723
504922.33361
41951.19497
293826.77346
645029.32628
137736.31848
354962.75184
 843.63690
555505.04735
403094.44910
14418.80755
51796.21005
358704.50651
54016.33100
493652.00897
91064.22977
143336.05708
73522.74828
119776.15949
81793.14545
214945.55625
338001.32601
7880.34374
31948.20789
60766.01402
178501.50702
219442.10776
444130.22543
169928.22652
61495.87348
195769.60066
51156.53986
327670.24154
40675.05383
143788.62346
763643.17674
609837.30202
141852.48379
271832.86690
780212.84546
4167.09176
498639.99636
241784.30408
909605.51055
202041.14438
63088.37514
160815.10362
131404.86830
8723.31495
373425.06524
130165.87382
8945.24594
129861.52956
45521.12912
83347.85424
69597.83303
33692.63632
34226.96445
404810.57665
151571.05347
844278.64118
9911.15960
173870.74823
138986.69657
61445.27856
123892.93808
719960.01308
208628.35720
345179.22688
23949.08903
165194.68780
41150.09546
62638.28220
6887.24105
174608.95337
79378.97092
238236.31784
57119.33347
375899.19646
235106.92203
127464.75625
207907.04389
108499.64493
202622.01203
112231.61060
134650.83631
255820.50034
28583.92832
109633.26554
110735.74147
10873.06933
115887.88747
47394.11907
51096.43310
429074.48948
90486.29155
37478.10382
121286.32827
269953.19168
80969.81511
33883.43418
162066.99519
234565.22791
414571.20654
153466.51214
90677.07259
310042.05047
137637.76722
481480.67584
8116.47054
148581.75207
54819.72891
328646.39443
102637.65725
331676.08863
102416.84749
565134.25367
296065.78070
133752.04550
92199.52992
45108.28652
229672.76438
406558.26232
138328.02628
55300.58587
60555.97683
31554.74945
292586.17382
78490.10155
30985.09987
236299.92941
131385.53529
85319.90583
125051.99396
16608.93339
90794.16123
414280.06339
191246.92231
29700.80565
572004.45770
67307.11025
3004.46433
77042.08985
70088.48060
50701.25648
1959.99536
514673.07644
123586.41422
83067.52678
578668.85148
59396.55240
187661.12561
100376.32374
697812.58734
45126.76981
73028.28815
223244.16678
45045.61082
84111.81350
188051.04283
530726.48853
261056.09927
49047.09384
83342.37951
4978.36250
18059.34511
55120.29282
186845.18567
81370.69560
7109.84246
7189.07596
713846.67794
206151.72215
77181.67626
161683.19707
354271.55181
87644.25302
10140.00650
141213.03762
153667.21193
286622.27926
63416.24195
143640.87506
57442.58449
208864.78205
1715.18379
191350.09782
462705.51337
74621.68427
51890.82264
167345.07092
225509.74835
399084.01470
96979.84540
43103.51193
238435.96778
77735.70510
174315.08697
230362.63665
69039.82956
122929.75786
342173.01862
121057.24616
101630.84501
109296.04685
369822.73971
56639.20635
280341.41536
449118.02963
122010.16019
99280.96425
118813.99691
339665.94016
114471.95108
157799.34244
781735.33094
661454.72278
442202.88907
135770.49678
93958.79493
189837.90915
362141.11593
98081.45354
336749.35385
218445.78054
35879.91947
138808.94939
82572.82272
59486.58624
166342.75016
1000225.00788
2599.29910
112265.72469
107212.29107
20011.51145
81363.18820
367571.99382
180538.92218
7094.37285
224621.05226
377054.21096
37061.82075
206558.25165
916351.08693
29111.13368
15907.74124
138457.24284
180920.92349
127280.07289
308668.40023
278448.49860
419570.72010
15206.75274
171792.49001
180831.64669
70054.61960
34767.00432
320377.54300
174065.75208
146682.41544
31072.92069
64748.68363
95345.61795
248924.41218
155421.75657
30722.34693
7678.76320
116711.20324
671398.43540
88081.84916
50355.16716
144236.71404
69185.19793
51279.88892
7818.05684
218454.73690
217568.19036
80497.15940
72157.71848
1619.40404
897600.45127
21797.07617
52073.56139
11747.56557
87625.61710
116899.70578
44393.56175
13853.81859
386157.52876
518169.05301
83407.07011
293703.85393
140801.63552
352138.84860
181728.32785
302064.35681
268270.31205
39064.22875
420321.61534
74133.02046
80170.13808
19303.54115
391481.41781
97041.18930
232897.75402
98675.21934
558013.70789
140223.97692
254578.66773
13368.59395
8706.60397
109720.44624
403827.84105
76710.35461
55640.68071
341182.03824
35575.29461
208070.41418
6343.55238
455762.40620
61575.77038
66562.00272
157287.27140
94107.44059
15028.68225
135295.75142
185191.70757
161132.41099
19581.19313
70650.30252
297173.44555
191911.96798
71740.20894
377883.68300
33022.77219
900099.59847
2714.74975
264822.25680
77630.50274
128487.15671
130368.62106
352061.74158
100819.01536
127169.91058
214388.56417
247453.07516
137164.25736
42675.58139
180289.24755
51992.40098
65807.30214
28292.67383
81187.95097
61686.84577
196262.46881
486926.78977
68393.78989
177181.10399
422616.49345
403556.13421
128747.76148
52380.32719
820970.00644
44179.81833
241428.78450
191635.63883
510909.41191
4803.34320
431156.64847
174049.48303
128047.35515
115951.42470
12644.66280
606917.59234
629331.37358
226943.28740
365902.44367
622650.83190
123480.90159
2211.40733
39145.28680
111703.55236
385496.98735
444433.20053
3090.77015
113605.32893
46690.24771
201797.49611
14718.51816
192092.91909
287707.62236
100416.82631
290462.80132
489070.53738
68199.73941
50278.70059
389700.78078
355167.93087
454391.29520
221189.63668
210418.68099
54877.09298
154033.57860
142067.13217
169805.28531
305395.39641
65190.13090
193584.56108
448403.41263
317102.53967
64880.69627
333617.33921
123311.78610
20639.23459
14018.43243
66510.59821
282000.03832
17921.91140
124528.75020
283640.79067
211468.69343
194876.69176
135269.43595
759380.56209
13179.22233
14128.75321
105248.26130
171717.90430
12958.73244
293623.60853
875056.84074
75969.07084
107764.87553
151747.26984
232561.58976
16743.71421
123023.82573
68032.01426
60227.33582
624046.43545
206664.33353
94524.92005
331570.68439
60577.94203
35007.93805
50509.63832
89394.58163
58173.11988
80002.77649
450865.99370
117529.14366
220687.14488
381776.27019
103270.71155
377046.52729
253178.05989
568959.19197
55085.29161
1336673.91603
148230.34031
82261.93032
166974.35587
74056.38179
59730.66287
73472.36364
109502.59970
1632909.56710
35968.41728
555708.39231
221587.46717
138153.41652
14041.97000
178131.14111
48404.87965
192273.18835
404433.92511
528899.67067
50490.31596
94545.50331
99986.82781
237311.73036
23969.41085
175478.53190
189494.05430
497280.27962
254104.64666
543385.68987
19223.55782
300648.03451
79464.44100
61855.48104
223704.56798
141846.23928
101593.35858
325321.95603
51753.34410
305848.64399
44772.14483
352045.17593
737912.07071
156214.05554
87884.96977
244610.17690
662959.32279
74946.76398
59620.01495
116617.85548
364429.77167
51578.36182
54178.85375
196620.99738
48251.75375
54879.06455
11274.85210
111466.54289
68145.57270
50074.87261
362595.32003
122604.54888
351224.61975
151686.69881
56373.97894
36191.31234
411517.91527
16117.19375
40975.67065
114623.83889
220968.58681
42952.91825
50847.94774
34178.29682
162805.49096
7956.35383
381825.96797
82918.59189
518555.30022
130095.84121
11303.23021
151426.10706
144740.69102
186301.26025
306298.63311
176103.61856
380910.24147
58949.09866
433342.94037
326547.49175
46550.82272
124378.78066
168817.80418
59972.93142
4562.93832
75885.16932
59167.32008
502151.54892
26656.20411
18760.66745
472124.01790
33512.73163
479157.67551
704834.57953
266744.54522
27029.41715
29890.15964
93352.24120
215215.90294
328883.80190
213394.07983
299528.43848
14392.63562
7524.02597
272818.43005
38326.10261
115346.97445
711419.78913
76014.55429
214046.83343
4157.25369
119087.32660
230538.62503
87397.68344
152933.16780
287058.76902
54943.34674
92981.27097
29246.08769
80352.82059
315150.26228
 151.66751
61705.09303
204697.28569
64405.89295
142973.15862
98787.76302
21800.03430
39280.33371
413117.78858
8407.43879
58520.13642
106065.19781
352619.01608
150207.17441
98505.43029
191893.02685
93523.62774
188247.55762
514810.05093
79086.13886
22933.62246
185141.49747
161368.46992
22087.23964
211745.60871
193164.80563
73324.65813
236392.92205
38336.56381
58397.40708
394949.95059
 709.88969
4842.27037
104543.67039
370483.85451
249537.79056
197594.79806
109960.39306
275695.37715
16976.63621
148803.97186
671949.58165
91428.08001
13766.06949
15495.81341
68633.30078
201934.76342
146489.62665
161253.05699
415332.65954
8494.11843
1517.82681
43906.34443
382029.04321
138877.77387
606018.11990
58980.55921
57838.20491
37978.58435
115184.77516
157409.60623
606069.17339
496757.26770
107645.92632
274900.82662
37681.82207
229755.08597
184434.18507
94611.58006
117238.85293
206339.91567
107842.46355
37704.83382
59558.34032
130226.01351
15495.32784
236663.43413
466911.59105
177833.69076
127209.55871
173206.73579
165098.23422
368725.44360
206010.81010
256759.49518
30975.81452
31536.41921
288693.55519
60193.46691
171315.33346
66346.95265
85794.69783
219048.78437
259460.46022
136944.50409
369763.20707
82068.10612
377979.79103
78956.02037
251804.16790
509386.22641
230596.17754
75351.15531
221433.92035
94671.50331
375304.11097
181686.63733
179748.27151
105859.92130
529319.34691
281957.59057
440615.02752
161220.12064
239185.73041
317627.54130
67913.36496
11629.11347
9044.18087
110893.67851
114638.22116
217201.47197
253996.43060
15192.15649
307803.97809
193799.18353
265073.03234
85348.11015
134444.62357
83837.84740
49209.56173
318079.48238
139081.76035
953757.48753
251507.95123
335962.38500
34502.71903
1107243.56130
325211.02769
66632.28750
51919.86929
280571.00734
121540.83453
389722.04878
379166.58341
301687.18796
649218.18762
84478.67380
91159.05104
56293.43779
648090.45502
50614.34372
301270.94633
76861.02501
82918.25501
225668.67837
131397.63195
21289.79423
3397.83369
7777.01828
156055.59498
6859.47724
40020.83714
443958.67440
176425.04699
66772.41275
247637.93147
39984.72741
339640.27396
100476.66105
 962.35228
690550.30471
80291.26374
9117.45578
227994.78759
330425.57122
58275.33423
266045.52353
437650.77166
359089.06452
13208.86634
25185.36677
112550.44399
485315.68019
254730.88656
151949.52658
174773.13534
109973.10540
331052.59047
225613.41611
269371.70381
192990.10903
298680.73693
29978.65103
183773.87959
379537.80660
35434.03039
245403.40391
67046.57388
217485.29792
99785.57019
229816.98428
242414.91542
227362.80493
105570.89355
162836.40062
324772.51822
742221.67876
81746.91749
6740.29421
308463.41066
93799.09979
63190.57364
308229.84982
116931.15973
45761.63188
178568.07433
18118.73630
713554.84224
136430.56928
58581.05042
68308.77548
260821.09518
124351.91503
66183.72656
77549.99201
49378.27588
73499.79372
112565.32261
457764.55030
186784.18964
46853.73195
199465.98869
45896.07286
202581.73455
100112.36874
372368.85551
128870.55480
69727.90816
85353.66113
137935.66752
418304.83925
81701.11919
160211.40233
191586.31715
80701.09363
34019.31902
139557.73340
71157.83945
602924.33637
383385.69106
90146.41225
784530.00434
173150.17616
73219.25038
6329.18919
206752.53921
117148.03911
 187.74271
140272.19120
84176.55691
6913.86018
8185.38981
126679.76069
53403.51822
171180.98284
247031.87191
42850.64149
55192.10023
37044.02761
61469.69011
35265.11339
142636.31627
192974.58925
18142.84778
579432.84528
69748.48977
465997.24426
243617.75040
110114.67957
227803.64044
40656.34640
366318.40396
151834.57501
17740.94499
65996.54747
40134.88228
251855.46420
451016.74557
149024.62654
343338.14943
28708.11672
65135.67918
93655.99081
187814.78783
82819.19498
153967.85286
120154.01644
46367.11953
27529.48480
68885.47546
1906.96716
399379.12930
879902.31374
78523.39258
144967.68677
619086.91017
284086.30529
78922.39827
30830.15603
62563.31898
375898.88197
50889.45806
1129.35199
49273.73733
159943.94778
290897.60881
188370.10872
161694.66181
438813.50439
554812.30638
105268.43209
303125.98680
279355.90825
328259.30544
44309.52235
7239.83939
20884.06166
168485.70521
184945.17172
194015.19355
7253.95874
643297.35906
88833.99359
87948.26240
816172.15394
32519.92988
196589.27891
180275.12581
660553.53373
70259.39815
914813.61664
192883.61395
198345.76107
240753.23165
31631.30633
3567.67106
514705.45352
361407.18996
37673.13617
171099.04062
159216.48771
169290.34861
223164.83287
160399.02190
394100.76702
72673.94936
181459.89812
27738.76192
471649.93322
75260.47188
121119.79943
217870.41038
37083.63836
139912.84568
44513.34954
190897.92768
34837.32457
234616.91857
2688.22059
 328.33731
33652.82648
386529.15410
500803.19956
91115.84196
32935.46857
429841.13175
220156.01414
290847.31921
142061.73410
204564.97288
32429.19218
98224.04750
120340.25484
30649.80195
79921.08783
713243.97127
21510.64366
70542.24347
121170.98018
3497.22630
366319.27374
179600.52321
43880.90417
180727.85185
84587.91699
260852.36361
43121.60964
56537.44408
3223.43655
68137.09328
204484.97434
273759.14054
426432.77217
324094.35406
98337.25218
23103.89001
173017.20443
133791.28511
51008.48202
231383.54996
406045.35187
8706.13541
339995.32304
187195.53576
160174.61462
241227.78354
1594.79246
88893.85247
57978.58030
257087.21280
32818.44537
492403.86693
60821.35063
138655.11215
71245.52848
148071.61017
144003.76265
10722.46561
284548.55361
202779.55793
264944.44389
145217.10694
589163.30170
65205.22654
261211.25827
270988.48395
53146.18096
234307.48518
370754.58644
14176.77745
406441.81678
450294.74854
118217.00112
173794.89113
102905.92121
43557.15627
83887.31962
4692.48256
399433.98090
189154.59577
77792.12930
376726.96244
149640.11985
316292.43231
248887.13250
357653.24481
467553.32834
79294.71838
47400.30778
243338.85203
653182.64853
10578.24622
110708.08550
377456.49292
8971.82198
194849.99053
42149.77247
132117.19606
539852.96380
28955.84109
98824.12472
72164.78736
13634.34163
84760.37816
52195.70415
36869.58974
1484.77912
594574.14139
108999.28174
55757.33481
224866.00576
67468.31602
176104.15850
155405.84530
6495.16529
121728.23022
202880.82932
15833.66067
238519.76055
52497.51303
170345.35044
363935.04035
125296.49444
22970.97957
20403.20188
189433.98542
102854.83174
26704.62609
362383.40999
617484.04583
110995.27892
656766.70371
157019.70116
153066.26122
610353.31668
87694.34952
70666.61753
408663.94780
43731.80844
167834.52981
131219.28098
297344.67793
165462.47598
51741.53154
332225.56151
34162.19787
109899.52258
7338.50357
144904.19633
525809.63879
243118.55379
18709.50634
29096.70833
18673.21383
372616.50757
90885.84281
6565.90461
63334.64680
220167.59410
40635.82321
14605.86853
109701.42223
157814.64298
271347.48184
71483.29556
315650.31749
118405.14318
144616.59055
372776.74448
93676.70451
134275.13723
33713.11290
23802.65217
64149.49942
252857.42519
69734.88097
119314.85385
59022.35149
234041.94002
72834.57647
332557.16529
159728.71194
371223.86301
204889.75242
248288.33454
74902.16931
4518.24289
224947.81350
894246.54481
371012.41781
149094.94406
261879.88354
24508.86329
73831.32662
65097.95817
124222.80091
245195.43923
80800.04447
774690.64705
104720.90781
333373.33785
191820.59760
128531.79886
120829.22131
315649.82263
375476.65679
147102.44317
493244.60343
90355.97535
126888.52258
98766.13365
103608.09048
280009.54926
59594.72332
139126.35613
43319.81374
134287.74172
878577.95367
556888.57658
179358.04260
335682.41424
41923.69908
11233.97208
99073.47998
98676.17627
39515.84069
141579.22091
233144.65524
51122.21176
131052.72371
68576.12659
91060.69992
29748.88175
287255.78334
196039.51756
373183.79489
21917.88778
2023.44735
677707.78710
340229.65235
241767.78403
356345.19172
16923.97153
109179.99296
19138.19730
62946.94249
303318.23172
77440.04122
244100.85247
43998.58273
252197.08335
39268.97967
155922.94460
33620.70405
220277.05972
390546.16604
512406.36699
243923.25001
11876.07149
32586.95050
62923.61695
81986.98385
248455.66963
1372.27253
47617.67800
126333.45997
155601.21009
29310.69216
114469.22637
162091.62791
173870.65428
14233.42068
35198.09608
63139.73126
169027.27406
32535.38274
10384.80146
19756.42226
45393.23472
108030.98931
233164.31332
751135.62148
16036.95041
778279.66453
64457.64985
285063.78007
200794.33491
405324.79200
311860.84467
33747.37034
20240.17999
243111.40810
270353.21742
73470.59411
72919.18187
547840.53848
305559.28472
157857.39115
223290.87803
302733.62758
301949.39605
28142.01376
401323.42400
227767.34268
50215.49217
149682.45546
428066.23815
584579.85851
61714.82858
180108.41804
83015.05156
96547.81276
445834.05160
97621.07044
45696.76183
45217.35171
114631.38139
13353.06821
175532.49869
845265.34174
167726.29904
51149.72762
68280.12613
55285.04690
61513.68091
170933.18158
145137.00117
134713.75126
208642.63894
132598.48809
176228.52324
87545.41744
43118.13431
40360.21498
115365.92999
14465.88474
53940.31222
150206.44416
259593.73072
605541.34762
106774.75698
58798.05765
191788.82814
153102.93021
327989.18136
123279.15224
8542.22895
16275.61681
166174.34658
213277.13229
10361.08970
150342.86691
318218.24393
250008.50573
258836.91870
1608.79334
392496.86168
394560.74423
344796.22120
89156.86860
237033.61864
187814.15686
72704.58536
1606733.46272
18372.13127
197757.89373
53522.28210
382196.57237
26002.35732
325220.90124
78812.55817
9802.32210
308810.76749
77941.16887
224149.04190
373475.15424
178485.56798
76131.99300
34576.17244
208768.46306
191973.52607
166538.29118
46847.31682
38999.91782
163369.84869
25622.60797
169000.13969
184889.94274
231141.98429
21101.02844
199605.65209
181304.54428
86324.70830
86649.25361
298161.03695
101363.81107
109674.91562
2595.79836
201434.31111
1119.42902
337006.59946
41976.56198
357729.90048
688155.76261
410762.73155
243597.91232
732587.79531
179346.09625
215104.41551
221443.68085
6874.57642
154875.68017
116857.26450
113856.68525
213766.75317
25014.38667
166122.64131
206181.72699
177594.18172
187987.70398
123327.09042
407929.89948
194406.13431
129629.00574
70551.55770
211001.18893
151237.76932
227795.20614
67407.64595
1131.06643
398801.25860
46513.84354
71153.54535
53521.83310
332069.98738
134064.89554
61036.84422
53166.92391
47293.49538
80146.66227
52421.92766
243017.65775
115496.51389
74176.46113
11997.17873
62940.96828
303139.40871
146746.76988
497578.18957
62537.73089
100289.43191
4787.56792
578944.30366
156030.74029
78859.71418
207214.30017
7673.15960
257799.52084
104803.42164
56438.47523
143937.98326
179145.26243
188944.67281
154701.79528
88962.77798
360017.82803
239403.01943
122559.93971
200267.90754
23570.19886
197054.82599
28830.79658
139885.31614
385104.32040
404911.21874
170111.82257
314090.29707
90991.13479
19366.96288
72029.88979
17186.05654
293114.95404
65841.57569
120980.46291
538716.75985
284552.72722
411422.67979
55622.42795
258287.65550
56546.67499
218986.73522
525538.82067
506401.60934
55746.16739
193852.13250
66558.18171
505826.01165
43388.35974
392703.11356
191322.74405
443875.23723
23563.73935
219263.87850
88803.05687
206773.87827
205764.79248
117071.98280
138247.95145
61548.57917
22385.53507
455049.64899
143342.04190
54750.74398
90281.03734
344838.59825
255470.09830
267045.14902
205429.77723
189812.89053
32053.35729
199736.24976
849054.74368
881609.54021
33367.96476
423818.98711
19305.61949
240960.83551
154650.55459
195670.74168
107839.52202
82191.74285
134527.48981
255108.41018
178701.31982
44735.73812
91204.07820
93175.18087
113288.08227
672132.26806
186961.76282
9949.95073
198765.80060
177560.93164
158093.01195
138675.35909
39894.81109
525432.56960
135587.53700
403160.75692
23843.09485
30915.79277
7094.26347
139799.38008
8863.96743
60836.99981
394975.04276
43515.35494
174399.71368
321416.27581
68890.84324
142952.20371
203221.94613
470972.14380
386228.50008
129172.38753
33642.70039
209350.31456
9640.89107
412986.59547
201814.95603
785985.39419
341344.56288
177552.42784
542672.77471
214641.41003
261896.72608
130204.33765
2253.71399
22726.54264
121865.49930
101746.65524
57094.69591
142821.92948
303059.90792
252696.25434
110643.90320
119373.63763
383990.32271
303436.50131
94583.18953
166458.21906
60644.03364
325322.12482
335697.08174
120541.73489
368462.07499
375974.93167
533791.56603
231166.94855
352868.74517
4115.65518
445816.79816
258530.37845
89641.35871
120518.74694
8096.93176
119796.00177
695377.32985
9305.83044
81998.43899
822754.80027
8523.47753
687104.53949
377743.52983
49064.72808
108815.19630
1189.26865
128093.60359
287985.85982
7812.57074
299228.61841
436165.84931
27757.25223
67820.35883
353902.56238
54940.41284
1069009.26933
129600.31357
5261.31225
542112.73250
153787.08445
214044.67207
458610.02494
65330.11203
81160.70363
18426.03070
105171.89273
361723.41658
13001.03268
94787.82479
166729.20088
339079.92227
430084.55347
71033.13333
106787.86137
324990.50346
54220.87259
14480.91763
481606.16424
116875.48370
58525.40155
158298.34504
69742.43781
17009.45304
100297.19761
17995.67639
107036.36880
28326.15108
134984.19959
105717.47515
169434.61640
430199.10875
472733.98272
1544872.44162
27796.81736
409641.84478
207418.87443
19197.14088
75666.47682
142869.77463
2238.26921
392098.70124
96045.48583
40050.80976
57876.38102
194995.87154
69811.23795
61196.33977
87936.99550
366558.72728
455727.71833
319819.44058
84911.00102
46827.62084
65226.36286
27359.59758
67808.19174
61582.25774
234301.04319
365317.83529
305826.56348
713519.78715
65665.64205
139074.32644
172143.94285
12129.43312
1104904.24578
74396.64439
155704.73119
19601.79366
359308.66050
4813.84366
166727.44217
308907.33400
6695.08656
649442.37291
192682.14069
15047.57704
64909.23737
200755.63020
630124.10533
96721.35678
180760.11922
49923.65154
426092.02037
412000.04181
145502.84185
347685.77471
13465.53275
133928.25754
84658.76660
778747.71776
102742.38859
91435.73442
359943.57002
92847.88209
570331.28235
328024.47671
102874.87665
139118.09317
252409.93901
694152.39181
587898.82039
146588.06663
108703.12273
489632.91498
274343.79551
1053306.85497
89685.98216
245105.05500
550059.14055
100075.76174
234479.91911
300954.58660
189046.84590
32117.57619
156134.44712
471552.93986
37281.88185
964704.55201
390178.53790
164199.07287
184992.50504
383592.52184
301039.42622
639336.98672
155291.21195
122373.04648
7541.61999
128420.95461
24043.75964
51001.48173
397732.03222
73705.09045
3451.22261
75983.58634
211079.38738
220269.69205
302390.18635
329827.41778
88505.62838
98639.89490
7421.44684
112562.10641
1479.56164
43741.92634
110080.60049
197489.08343
319447.55397
25182.03395
173888.22317
455513.26877
89967.03657
317102.37271
1323.67525
208684.94326
91605.25687
310115.63299
105407.42376
46428.48661
124047.71124
132679.84927
278766.26287
117277.11104
20167.65216
35966.66891
152171.33458
278277.11788
116003.02503
436908.71544
193206.02887
19412.92067
230187.71204
237104.95137
682335.41914
379035.91861
678531.00733
514874.96357
27609.07983
38526.55616
216881.80745
114544.39204
50895.14912
231899.81641
22397.85671
234234.13544
22519.31586
180175.19068
45323.53918
70575.75142
361322.09987
382745.28659
120722.34900
336147.66433
88539.07225
241605.51143
427241.37288
177228.55407
147787.96925
197155.79285
193637.59342
73961.71965
40184.85788
91073.81912
62999.26378
43993.56551
 786.48753
259229.44675
449405.11358
155521.55312
33166.35377
80483.06308
204081.81932
342679.39145
90500.84496
93344.31900
197874.75947
369712.56080
51842.33752
12797.81920
333573.42176
126381.38829
415147.05516
284455.44292
291262.15467
155089.81895
56950.23661
133656.84184
553703.42242
1880.88225
51479.20163
35935.02222
31177.37666
262039.06026
580462.34590
178330.80112
164295.84266
414125.19114
19013.69658
108617.37514
280543.02383
331509.07913
650804.05075
67470.71492
118812.18686
66602.34518
118507.61818
11798.66778
310333.36098
4310.12102
213533.72760
133816.18565
259928.71288
111428.91283
391941.01579
309857.05804
35089.57316
433510.40465
202931.29669
82616.61839
111642.88223
21076.68543
175066.00378
318567.16075
123274.32525
586313.81716
170430.08188
129039.99688
414820.11560
44034.89152
30615.90678
466682.88886
188218.09053
29295.96281
20768.93676
690397.93506
106549.59060
45373.40803
146487.09850
86229.20859
850454.57085
399016.80807
147226.61443
32779.19859
86763.74692
112608.04019
138785.91617
29434.95132
45914.30069
395436.29312
30372.84089
204979.21374
107348.25239
9968.01400
17770.83558
306574.33634
2210.62782
15634.07139
605085.60670
16609.28439
96604.41171
 202.77327
405306.82078
524352.93952
137702.24055
121480.10966
3153.47243
431006.56170
125611.24560
49247.32921
398116.57995
53982.57044
348541.16874
126021.71914
211455.36708
112684.56515
138903.94137
 951.25353
291572.52149
142297.19090
93219.98279
6893.86019
367039.24567
328475.52889
229079.40832
422924.11924
242801.36419
67765.10262
162861.98158
147112.81726
167690.67878
491034.51304
90421.49230
457335.43305
56059.39232
235535.99991
70475.15488
42020.63412
32065.60533
667194.47449
2770.69637
372200.63306
192834.75859
60326.46619
452241.46163
79925.73992
162295.31229
85349.66331
33015.82955
32669.65829
13763.96249
210945.89569
593477.71005
211978.40442
584259.00508
132266.65673
17130.89701
28887.27090
96415.06153
142386.37129
406785.13379
58811.81870
447901.41846
545264.79400
115279.69682
2175.70662
1151.66513
29942.55609
513112.01226
38706.91745
10390.03626
223193.40655
44004.85135
347714.26320
410915.71430
318843.18702
1490492.28803
8361.55548
1061.33598
134305.74317
39339.97727
174141.70008
410960.43944
158815.49645
198488.21384
140780.56321
7090.35455
55466.00637
106501.12771
439340.98602
269944.46475
78337.12917
152275.23245
42020.24987
38973.11696
17377.02890
94510.93460
77375.28604
285789.97419
224228.93003
114734.37107
68441.09748
356962.48817
149828.52928
91421.79469
115107.55823
10482.83540
78822.75439
148010.62691
224966.49851
58332.01634
263932.55346
278700.81174
91231.63936
74779.83965
10466.11839
22556.75993
91365.05094
259998.40513
202906.07920
89444.08917
336363.85187
102538.41135
141128.47208
587820.84342
275300.86422
38155.35889
318339.30558
428794.24804
52592.61010
276421.05576
11555.66736
13999.13998
231408.78752
 580.04901
304869.95630
142695.85742
31393.14610
931915.36011
72947.45967
106672.74360
113017.95439
513454.62016
13033.59699
409997.59079
532983.59681
4143.46976
1363.67494
65926.44449
38666.32453
171345.16606
113257.62437
230057.33913
10644.64965
79101.60991
273859.54418
284084.69181
71570.81796
114190.13369
739668.13969
282947.10353
201791.48246
189489.93944
243011.64203
11999.99678
103507.64925
447834.28972
79078.60068
56866.48763
167277.29534
308475.47126
53695.70830
222925.55570
327215.20567
441714.37872
329675.50676
7868.45275
122693.14903
48770.79956
46900.57776
147656.28955
162169.61286
185269.53453
576146.05637
845401.04160
81911.62710
5753.96230
353004.19745
114164.45120
51310.63369
290619.71459
240019.23416
295244.63189
48285.58076
159847.45545
115322.92499
577690.77267
285497.34115
28735.21858
160292.56047
476660.11833
29498.80301
394111.02588
167535.19343
471590.24610
2706.95540
503169.02713
51003.61477
279838.54514
537786.77384
341940.43427
656413.26915
10942.28636
88315.82871
30690.99743
62180.24779
97550.12237
433927.15850
261620.75589
7546.27248
114324.40639
391269.31887
1349.10929
397875.33342
513735.17468
216008.07185
197665.15133
140286.08903
223305.74556
17324.23299
31187.44275
436925.81857
123083.13648
193056.50344
11835.73403
100225.15450
996972.41549
15731.12081
556745.94024
293620.95716
11382.80032
262564.35988
181513.07927
35848.54403
403443.06456
12669.30290
140018.92561
387229.34358
360882.04095
132310.77204
178860.39484
42155.89328
42339.30988
48942.70287
979167.95950
159180.89351
553707.35385
98056.46161
42026.06178
530458.54942
270458.66996
130199.89760
37217.00340
345448.34834
310021.35736
82042.55949
274922.40253
31357.66568
166729.78897
63584.00314
165029.79099
163383.57718
328789.45731
43557.72391
1480043.30635
22962.83956
210921.17398
76073.47963
579401.24682
311317.57900
270317.66954
194701.71425
166240.54856
110840.81298
476743.62357
43064.53600
287592.23429
387802.98123
377767.40857
174259.40775
86189.01325
380114.16362
84842.71100
259377.87103
69442.64328
90080.96657
145010.56818
691288.51309
279506.53030
9971.40370
670319.54788
28414.45338
10921.68295
196255.89368
234135.64339
180396.32199
4967.72515
1410879.54846
26027.97193
128279.92961
122396.56199
133038.04842
42106.23335
399633.18654
16202.77999
277738.53360
93289.08185
598585.83255
69826.03501
117047.99951
437472.13575
1195978.64120
101691.50357
270163.14703
298648.68038
333588.16278
18936.92747
217337.16468
678279.56303
428721.17848
917148.39944
63198.97297
270656.19274
144913.27934
221443.59176
7011.11603
78363.71783
124007.24738
323858.05706
326089.01970
26409.59807
594087.24732
170366.80052
126175.25761
579716.00699
102869.55367
17208.01133
409128.59461
186383.12300
39291.73731
534939.12555
217379.70251
277519.09882
209118.39427
279873.14921
28517.56489
11358.61138
90762.26500
118702.69234
106389.98048
13081.20537
99366.03924
277254.43560
283940.79034
77966.50078
47942.96676
318716.43767
252062.82566
131688.89270
93136.99636
219382.33133
189498.05359
165827.26569
109714.77973
114540.95625
246410.87394
67928.53401
419460.18860
202701.59024
138965.56916
196908.29033
20851.81943
632548.28855
61149.94761
103575.10217
266410.87357
227394.08770
302338.34597
404009.40882
148326.95902
62437.62519
248982.13348
15032.42222
230564.43375
24279.53747
184802.34626
405414.18625
120434.91721
1100949.83848
519577.53543
71417.62244
95385.64918
206308.78241
189498.22626
57986.53108
398959.95820
9600.68186
96357.24832
188062.28390
100104.84618
7721.47100
140256.85358
84175.53583
856725.76772
220577.94683
18563.56417
122896.83172
84297.98291
7785.41100
78707.07198
270419.91117
434705.90335
91683.89831
289654.49479
108632.31877
180351.10595
10254.92608
374126.79241
311456.45499
277922.62693
376074.46425
220686.28528
60948.93195
448781.70954
451491.98452
124869.05660
6623.53088
31838.42358
324110.17227
18186.31467
31822.92029
333157.36524
56250.65515
101951.00631
144209.76531
71211.72435
76756.75988
1254282.46683
44795.19090
563068.51519
18474.59568
195536.29692
189355.16464
55693.75912
109804.29964
164985.33969
128853.98426
308642.52607
21544.92610
247476.46898
133331.48063
367889.55266
56342.83942
144392.77049
24563.28615
120025.57176
49562.98610
330699.36837
129535.59286
328873.41977
379355.16256
78370.85719
78931.97652
6513.76780
60119.88488
8051.76823
107497.35043
547787.65884
96567.60035
185200.62394
493574.81489
639688.20141
539960.77958
571416.76977
36085.65015
260827.09215
14796.73346
60150.21080
132678.29333
134095.99504
234238.59667
181207.19238
421217.96849
68086.35924
760298.86352
101225.67578
60154.25399
14360.35499
682856.71353
136975.33766
14403.23306
113833.05788
49087.32368
32633.02968
252751.30154
312498.61874
135420.48052
106886.87616
284948.84735
52785.92794
554650.05708
366340.14100
280797.45983
290691.60988
18724.47417
48985.70498
1152.68526
155016.15107
261722.85732
65592.73447
45353.53920
184596.85524
162252.44882
481893.16862
273501.31861
 251.98868
127983.16197
86520.50198
72413.27367
132550.04850
371676.97943
601912.70826
76359.16367
346729.85943
293696.98062
395002.01448
55728.43341
542856.21141
6795.94853
12823.43041
211432.48114
50766.92394
121001.36548
45204.90089
142557.85179
170486.72960
23642.49744
252571.74140
23760.33974
111049.95988
7369.78581
82111.90378
23336.92691
119779.39617
213124.80897
39781.12319
159899.13520
7617.10689
173753.09295
8448.45279
861654.06451
525892.72935
343230.74844
17913.51758
416782.54211
339268.79643
96989.19371
420966.84746
218652.12243
512260.34439
35006.93418
192642.84067
578701.03086
134576.84843
128308.08422
119308.20402
16115.95287
89809.07867
55110.96753
378002.89396
103392.05454
33933.62489
198394.99683
90327.20472
538597.99505
19903.97314
135728.43842
150489.32120
404387.61882
147286.06000
133143.49717
129694.00788
199992.04444
47281.77942
254943.70845
277533.77004
155837.59183
351881.79142
353139.50532
223891.06054
186656.49873
254695.36074
446524.55627
116203.90816
145446.34504
182699.03689
131573.23362
4201.56012
593583.44732
38584.75116
190484.80855
417204.69371
65603.09671
95052.62197
648690.28572
53601.52181
90462.05721
334249.16004
2540.16174
97296.02941
290286.47423
136767.46255
284356.62666
199216.18112
69733.82201
46396.84020
229254.73212
449437.00970
138213.28521
433880.30534
29196.26004
37426.57225
49613.65640
167556.04417
22793.27628
40276.51340
  88.21852
139748.88282
145261.97642
67462.95302
64280.26150
154137.38418
51175.28131
87677.70384
23674.87727
551905.90345
185700.30849
40808.13467
34779.09952
58444.57436
88561.80966
211905.42601
51800.02308
672828.18925
306428.98683
155767.12845
85964.49345
1054786.18420
439003.17710
788493.54432
121329.38280
179521.90090
199619.47841
88571.81519
233129.35539
312422.84692
163827.68357
160035.60894
187664.45885
185676.87350
111505.82510
98464.79889
25898.04823
199579.60073
38968.00862
28532.41401
191108.80033
626278.11075
253422.21998
170213.90893
58707.34735
14940.79517
115290.69732
37827.90910
279270.13868
72638.23280
560816.37744
347516.63300
37878.83325
202216.21046
33890.13049
57108.21894
2494.85944
377538.00644
18314.99666
261481.18514
270836.69605
30431.87217
13857.75824
395011.81749
121012.34191
251613.45649
35911.89294
925749.39041
366568.72613
115945.31219
190516.01560
310516.91537
12958.24138
37978.63548
264681.28630
360324.02954
365614.01862
566828.83324
2478.66934
455694.13796
74010.02110
205391.41475
184810.20177
2956.40423
119137.92480
512651.18025
191016.14306
246381.98038
15852.66103
76602.33185
90312.35618
731571.36023
224872.77237
35485.41788
766571.05449
13386.32204
267789.45616
12841.75898
343131.67129
39389.27940
47961.08017
118181.82122
342855.46824
72011.89129
87405.44547
63319.14113
66920.21717
153678.34135
156063.13413
102646.66793
14363.63168
29843.72209
188810.63750
267041.44495
46737.05947
145324.83597
107447.69293
127462.04414
34339.00858
290780.63179
8638.99458
258055.28329
289641.10264
58271.13555
175975.77511
57449.98278
79590.18124
13515.42667
7506.96307
118585.64442
236376.82444
495551.82515
152914.74085
89247.89201
257690.71551
246287.12396
22471.67779
17473.63995
88329.42002
85904.22284
228604.05865
399482.21198
68119.61486
100436.60005
193374.35754
1135.25589
112312.35066
798132.07784
296930.45419
50939.79121
439068.50415
158672.88752
208011.48536
176947.70473
63040.72632
68100.56426
316462.40504
43646.82888
279768.69107
104745.88226
219937.90659
18837.92371
789284.77024
108522.03609
63489.23358
103032.97519
4106.40430
102157.32784
146627.83179
299579.55702
4596.07357
132451.08122
125396.02432
489700.09923
250115.79046
49389.75367
651375.18315
201701.99489
344932.50171
164638.74585
98427.39137
223851.75744
239331.06564
109143.36988
606305.03596
66887.45099
49815.74351
126203.15995
344892.90837
386183.50398
201525.69557
138309.52046
531849.41283
43240.24838
1194144.70823
133032.68605
23355.73470
160015.79058
277130.99041
86973.59068
105049.25206
5011.46549
131583.65890
471813.35089
674120.40267
308098.16905
 788.78869
710505.64303
15533.73953
175025.05588
86788.19047
369489.38066
292746.19070
246986.40280
135686.82166
112339.38955
141544.37294
23036.98166
162770.58434
11714.78345
9567.87361
59318.45824
216813.70595
284801.97111
214422.21814
458874.47983
187597.45517
34815.48115
111717.54777
73971.10282
554363.30334
49345.86253
24603.61779
34921.20494
116570.57853
450558.09564
10424.92776
28165.43725
303601.40307
349026.63901
135172.10018
187349.96402
62389.16249
124266.42240
60564.34001
464504.40822
182399.38617
63189.17469
208238.06545
431590.24168
476180.45536
169909.21824
190676.80109
128820.36696
60822.94922
225575.32804
324612.71016
60923.08650
220280.27808
66151.35682
123376.46175
318082.31659
287209.51302
274648.62770
220771.24982
213863.27080
15894.52875
62196.36773
91050.53738
86327.98178
78253.49484
169079.88640
58631.52355
116443.90945
473241.80687
1006.81665
190527.92976
95204.62665
172179.92845
215337.39331
280464.23839
565528.88526
269724.20131
86902.55750
225642.29527
66534.55261
19920.55671
83656.98089
212889.79488
34215.18351
51583.70193
67729.96784
243125.41034
162222.60539
41145.75113
324021.05054
214247.01792
99835.17364
252725.09378
111378.10218
127644.79238
101318.11469
92858.51670
294457.04549
26176.96641
66430.23665
24648.29531
172312.82805
13065.85845
524907.84942
113800.28299
788161.51511
670311.03086
19541.69036
90380.09025
2534.14264
173154.56563
54824.83927
40652.26186
133703.83915
28371.74392
124274.90586
124759.51164
62167.84035
292789.65681
150112.50587
38364.68178
1022218.56810
329423.57345
81222.11366
386422.13130
193496.96226
172985.90608
58296.22883
52254.68166
97392.16411
180888.85027
187105.44058
185286.26357
309326.79857
420021.08167
286211.60529
476218.41944
139613.78302
20044.25157
17742.17580
126428.75110
81442.24756
373030.11281
193479.71733
155737.36212
359592.25899
127277.01926
 874.78424
249951.68807
24712.95558
108656.11647
532596.79449
216387.12614
235482.39951
48390.85107
316564.15261
15962.44086
347512.99310
123851.05723
203434.33803
198516.43105
271344.07782
10754.84667
4868.62268
376131.23277
209988.11373
282774.51001
 139.16569
233904.50965
136325.38145
69874.09576
23055.54523
39122.91432
73268.62215
271449.82368
118277.04118
40033.40622
55708.85565
64476.90875
116118.38449
231091.77399
31555.98822
8490.92503
249510.87631
362355.60013
31006.78274
136698.79392
299798.78926
88740.13969
121234.38119
42569.27181
118978.53462
72530.94474
202109.03932
223287.02474
226374.11221
126528.54714
219417.98374
127028.01506
116065.12002
477014.91182
431368.57918
241947.50455
335696.50851
119442.23426
286505.10199
 919.27206
277202.81638
26452.41674
79466.83148
257486.62769
108098.68280
177287.40757
45945.65716
1524.04651
29120.93195
143184.62326
59156.54224
35153.26583
204647.01341
14847.17621
34500.12121
359278.16310
363246.67207
43228.97500
444371.21614
975345.91584
66300.25072
149993.47569
236644.08998
12619.68697
84559.98258
55596.90891
106487.32197
145589.88401
23399.75311
648672.12597
66613.84334
153906.68523
191869.36062
74333.65910
158531.04097
24832.54069
312661.07877
321018.66522
455539.76832
13125.11108
7907.23931
205243.61369
26830.83784
316097.51369
72761.33089
 611.28240
33976.62430
226971.08859
181588.98655
259068.72127
633665.16040
510244.04216
179480.08579
39911.16467
30873.18561
467705.10285
39120.18629
 749.70609
131233.80424
23070.54674
284243.77241
94423.75778
34048.52679
208620.34190
629608.00158
130833.66202
202924.88448
64586.33649
137786.22004
67988.42614
193123.81758
73645.33586
24323.56931
154168.32539
224535.26561
290917.90216
227486.89946
667593.69636
238675.12164
52580.02333
22061.38256
9339.52825
141708.47025
360057.52596
55352.43288
155900.07178
343924.51831
197330.91606
145704.47918
108221.66912
12525.37948
186411.25297
595134.78241
154731.61430
10144.10381
170261.19121
117383.85227
280059.26316
62582.26422
99715.30398
7584.43765
34122.83782
103924.72889
17213.88998
345145.87138
40278.60421
19004.86208
52990.43477
230382.53088
228926.52379
3833.93646
134618.92845
19677.13803
112020.21689
180156.75803
148938.90682
61956.34249
408042.38583
160770.44310
20497.36303
132615.06839
36605.98559
188186.69649
148345.93688
40400.79437
56431.79133
6995.09869
329638.24676
131418.62109
351492.40391
313737.28809
307563.12193
11630.68519
99573.78573
265314.89066
24926.26990
47892.23972
137208.00858
350660.77891
136674.54709
298821.97805
120177.09933
109379.06962
88006.32661
482000.33214
123897.09617
5790.18140
200761.27244
103586.86172
84716.77727
128007.66614
7092.14386
294589.13111
57635.55816
112277.40659
334111.58577
114915.09155
325598.78604
465769.98566
388956.43912
52974.75579
368072.26192
210592.25004
338276.90035
242039.55811
124351.92768
238688.81245
159151.59969
102822.40625
39338.04577
236889.59213
362147.84382
107007.31967
46281.18697
853695.58684
83156.50783
189028.37315
230527.38296
161611.50535
469554.76061
27845.50798
96457.56964
481206.90998
128809.95932
112555.08298
421402.75869
42825.62694
446157.46397
471366.68594
182590.39006
36297.38178
625658.59728
257785.47005
117680.60965
53576.00799
197238.09014
18254.51512
487662.98864
181417.98531
326388.33907
375074.38138
324659.91973
26144.86985
247486.32171
97173.04860
334449.31515
876969.83479
42303.78542
889542.82011
194363.01417
175452.36672
201623.10780
380428.63753
89955.33490
474479.75717
698442.82702
117248.28293
170172.10541
13704.36906
698508.86192
201884.47982
50901.34090
259624.04032
153585.97852
25427.46439
367929.12859
227251.26980
288646.53365
161912.49305
87863.34515
160028.92883
28034.82443
